    0 73745
    1 22861
    2 46958
    3 11045
    4 42445
    5 16559
    6 44554
    7 78170
    8 65024
    9 86396
   10 94712
   11 52385
   12 97536
   13 19277
   14 95709
   15 59286
   16 30095
   17 53595
   18 65033
   19 22889
   20 72765
   21 59318
   22 10858
   23 70758
   24 76177
   25 77984
   26 48787
   27 60224
   28 46983
   29 59325
   30 94243
   31 75581
   32 64439
   33 62933
   34 63244
   35 77990
   36 86108
   37 96357
   38 60839
   39 78901
   40 53317
   41 52405
   42 32239
   43 70459
   44 47903
   45 69576
   46 43990
   47 47603
   48 31653
   49 22622
   50 78310
   51 34340
   52 43697
   53 90955
   54 22629
   55 19018
   56 82229
   57 65072
   58 34974
   59 43703
   60 58738
   61 48813
   62 93071
   63 96383
   64 98790
   65 
   66 52139
   67 71403
   68 15718
   69 84349
   70 69902
   71 66888
   72 83449
   73 99102
   74 20541
   75 34690
   76 42814
   77 32585
   78 26554
   79 28674
   80 34394
   81 84963
   82 26567
   83 90968
   84 29281
   85 68712
   86 33196
   87 57563
   88 30489
   89 80435
   90 21461
   91 78652
   92 47951
   93 48252
   94 97916
   95 25379
   96 20263
   97 68725
   98 84679
   99 75951
  100 50366
  101 28696
  102 31099
  103 97928
  104 24477
  105 74746
  106 37721
  107 40130
  108 58498
  109 41310
  110 87400
  111 59696
  112 37737
  113 99744
  114 22988
  115 72355
  116 51885
  117 49782
  118 69649
  119 91623
  120 93429
  121 72956
  122 78081
  123 14269
  124 44370
  125 91895
  126 23002
  127 27819
  128 12770
  129 63339
  130 73875
  131 28726
  132 87121
  133 14882
  134 29027
  135 98259
  136 97954
  137 46792
  138 33849
  139 71766
  140 42882
  141 83518
  142 73887
  143 90442
  144 14288
  145 45592
  146 34691
  147 59372
  148 27539
  149 41085
  150 41315
  151 45552
  152 99482
  153 10305
  154 90755
  155 44401
  156 77212
  157 29053
  158 26043
  159 89556
  160 45309
  161 84124
  162 22737
  163 52838
  164 76317
  165 91067
  166 45613
  167 58561
  168 78126
  169 20636
  170 68195
  171 46218
  172 48633
  173 83248
  174 25157
  175 34489
  176 69105
  177 76027
  178 16424
  179 11316
  180 48339
  181 79041
  182 92276
  183 82640
  184 99815
  185 20352
  186 84760
  187 71223
  188 69117
  189 56175
  190 78448
  191 10425
  192 55275
  193 55878
  194 10729
  195 36916
  196 96515
  197 83571
  198 65513
  199 69426
  200 11939
  201 14945
  202 56181
  203 46256
  204 79367
  205 54985
  206 52578
  207 23685
  208 11945
  209 49858
  210 67032
  211 45361
  212 69743
  213 92018
  214 66131
  215 29103
  216 36033
  217 66437
  218 30600
  219 72430
  220 79984
  221 10154
  222 67646
  223 90222
  224 35140
  225 51094
  226 97145
  227 92008
  228 50495
  229 95044
  230 95344
  231 12572
  232 63442
  233 42674
  234 36619
  235 33947
  236 14684
  237 71874
  238 42058
  239 88099
  240 14086
  241 21311
  242 11333
  243 17400
  244 74891
  245 84525
  246 54124
  247 28188
  248 95063
  249 57138
  250 96871
  251 31554
  252 73696
  253 20417
  254 12895
  255 78214
  256 67679
  257 36979
  258 20123
  259 59255
  260 45710
  261 66780
  262 27350
  263 30960
  264 12901
  265 93566
  266 66480
  267 56247
  268 22835
  269 61055
  270 10203
  271 70082
  272 16504
  273 31811
  274 90875
  275 59571
  276 41814
  277 64380
  278 87788
  279 13822
  280 13515
  281 67289
  282 86669
  283 74272
  284 82389
  285 48144
  286 15336
  287 62862
  288 58919
  289 15248
  290 70724
  291 85775
  292 78852
  293 46346
  294 76379
  295 69456
  296 74342
  297 13841
  298 58970
  299 35516
  300 54480
