    0 [42500]
    1 [80001]
    2 
    3 [57503]
    4 [28754, 56254]
    5 
    6 [83756]
    7 [83757]
    8 [51258]
    9 [81259]
   10 
   11 [23761]
   12 [12512, 40012]
   13 
   14 
   15 [88765, 81265, 87515]
   16 [43766]
   17 
   18 [47518]
   19 [75019]
   20 
   21 
   22 
   23 [25023, 61273]
   24 [55024]
   25 [72525, 11275]
   26 
   27 
   28 [95028, 55028]
   29 [68779]
   30 
   31 [82531]
   32 
   33 
   34 
   35 [36285]
   36 [48786]
   37 
   38 [96288, 47538]
   39 
   40 [83790, 33790, 85040]
   41 [37541]
   42 
   43 
   44 [92544]
   45 [66295, 35045]
   46 [11296, 32546]
   47 [16297]
   48 
   49 [65049]
   50 
   51 
   52 
   53 
   54 [27554]
   55 [25055]
   56 [51306, 80056, 17556]
   57 [88807]
   58 [86308]
   59 
   60 [85060, 88810]
   61 [12561]
   62 [33812]
   63 [52563, 55063]
   64 
   65 [28815]
   66 [50066]
   67 [68817, 60067]
   68 
   69 [42569, 63819]
   70 [10070]
   71 
   72 [68822]
   73 
   74 [17574]
   75 [37575]
   76 [82576]
   77 [51327, 10077]
   78 [42578]
   79 
   80 
   81 [43831, 18831]
   82 [31332]
   83 
   84 
   85 
   86 [27586]
   87 
   88 
   89 
   90 
   91 [21341]
   92 [82592]
   93 
   94 
   95 [33845]
   96 
   97 [17597]
   98 [80098, 21348]
   99 [26349]
  100 
  101 [25101, 45101]
  102 [13852]
  103 [30103, 77603]
  104 
  105 
  106 
  107 [11357, 88857]
  108 [48858]
  109 [12609, 42609]
  110 
  111 [57611, 25111]
  112 [80112]
  113 [96363, 95113]
  114 [15114]
  115 
  116 [21366]
  117 
  118 [42618]
  119 [55119, 15119]
  120 [12620]
  121 [18871]
  122 
  123 [55123]
  124 [82624]
  125 
  126 [75126]
  127 [58877]
  128 [42628]
  129 
  130 [88880, 42630]
  131 [65131, 70131]
  132 
  133 
  134 
  135 [73885]
  136 [65136]
  137 
  138 [56388, 35138, 48888]
  139 
  140 [47640, 97640]
  141 
  142 [97642, 37642]
  143 
  144 
  145 [63895, 78895, 66395]
  146 [23896]
  147 
  148 [46398]
  149 
  150 
  151 
  152 [52652]
  153 
  154 [78904, 56404]
  155 
  156 [98906]
  157 
  158 [52658, 48908]
  159 
  160 [61410]
  161 [21411, 65161, 78911]
  162 
  163 [62663]
  164 
  165 [87665]
  166 
  167 
  168 [10168]
  169 
  170 
  171 
  172 
  173 
  174 
  175 [88925]
  176 
  177 [93927, 31427]
  178 
  179 [35179]
  180 
  181 [35181]
  182 
  183 [53933]
  184 
  185 [98935]
  186 
  187 [65187]
  188 [65188, 83938]
  189 
  190 [27690]
  191 
  192 
  193 [92693, 45193]
  194 
  195 [88945]
  196 [21446]
  197 [33947, 58947, 25197]
  198 [52698]
  199 [92699]
  200 [68950]
  201 
  202 [11452]
  203 
  204 [47704, 71454]
  205 [83955]
  206 
  207 [45207, 40207, 71457]
  208 
  209 
  210 
  211 
  212 [45212, 52712]
  213 
  214 
  215 
  216 [67716]
  217 [35217]
  218 
  219 [95219, 77719]
  220 
  221 [72721, 66471]
  222 [28972]
  223 
  224 [41474, 82724]
  225 
  226 [20226]
  227 
  228 [13978]
  229 [71479]
  230 
  231 
  232 
  233 
  234 
  235 [23985]
  236 
  237 
  238 [61488, 32738]
  239 
  240 [68990]
  241 
  242 [18992]
  243 
  244 [10244, 67744]
  245 [86495, 62745, 37745]
  246 [36496, 46496, 92746]
  247 [56497]
  248 [71498, 35248]
  249 [63999, 25249, 61499]
  250 
  251 
  252 [15252]
  253 [85253]
  254 [56504, 44004]
  255 [17755, 41505]
  256 
  257 [27757, 57757]
  258 [37758]
  259 [51509, 66509]
  260 [16510, 60260]
  261 
  262 [47762]
  263 [51513]
  264 [51514]
  265 
  266 [82766]
  267 [25267]
  268 
  269 
  270 
  271 [79021]
  272 [57772]
  273 
  274 [47774, 20274]
  275 
  276 [26526]
  277 [19027, 14027]
  278 
  279 [70279, 59029]
  280 
  281 
  282 
  283 [92783, 14033]
  284 
  285 [39035]
  286 [27786]
  287 [45287]
  288 [65288, 40288, 24038, 80288]
  289 
  290 
  291 
  292 [64042]
  293 
  294 [62794]
  295 [30295, 84045, 60295]
  296 [86546]
  297 [74047]
  298 [50298]
  299 [16549]
  300 [80300]
  301 
  302 
  303 
  304 
  305 [24055]
  306 [69056, 14056]
  307 [86557]
  308 
  309 [66559, 84059]
  310 [26560, 40310, 14060]
  311 [72811]
  312 
  313 
  314 
  315 
  316 
  317 
  318 
  319 
  320 
  321 
  322 
  323 
  324 
  325 
  326 
  327 [90327, 15327]
  328 [49078]
  329 [86579]
  330 
  331 [14081, 54081, 95331, 51581]
  332 [55332]
  333 
  334 [97834]
  335 
  336 [86586]
  337 
  338 [51588]
  339 
  340 
  341 
  342 [41592]
  343 [72843]
  344 [72844]
  345 [99095, 69095]
  346 [51596, 42846]
  347 
  348 
  349 [77849]
  350 
  351 
  352 
  353 
  354 
  355 [74105, 80355]
  356 
  357 
  358 [16608]
  359 [44109]
  360 [89110, 47860]
  361 [72861, 87861]
  362 
  363 
  364 [44114]
  365 
  366 [52866]
  367 [70367]
  368 
  369 
  370 [17870]
  371 [47871]
  372 
  373 [11623]
  374 [84124]
  375 [17875]
  376 
  377 [20377, 12877, 81627]
  378 [70378]
  379 [51629]
  380 [77880]
  381 
  382 [39132, 32882]
  383 [95383]
  384 [96634, 75384]
  385 
  386 [51636]
  387 
  388 
  389 [46639]
  390 
  391 
  392 [57892]
  393 
  394 [86644, 57894, 25394]
  395 [14145]
  396 [32896]
  397 
  398 [62898]
  399 [61649]
  400 [72900]
  401 
  402 
  403 [90403, 62903]
  404 
  405 [89155, 90405]
  406 
  407 
  408 [95408]
  409 
  410 
  411 [67911, 41661, 14161]
  412 [66662]
  413 [61663]
  414 [94164]
  415 
  416 
  417 [46667]
  418 
  419 
  420 
  421 
  422 [64172]
  423 [77923]
  424 [56674]
  425 [22925]
  426 [65426, 54176]
  427 [46677, 34177]
  428 
  429 
  430 
  431 
  432 [47932, 90432, 97932]
  433 [77933]
  434 
  435 
  436 [39186]
  437 [60437]
  438 
  439 [71689]
  440 
  441 [50441]
  442 
  443 
  444 [67944]
  445 [16695, 59195]
  446 [95446, 72946, 57946]
  447 [54197]
  448 [84198, 79198]
  449 
  450 [36700, 17950]
  451 
  452 
  453 
  454 [29204, 55454]
  455 [24205]
  456 
  457 [56707]
  458 
  459 [95459]
  460 
  461 [80461, 61711]
  462 [70462, 32962, 39212]
  463 [72963, 91713]
  464 [92964]
  465 
  466 
  467 
  468 [71718, 37968]
  469 
  470 [87970]
  471 [76721]
  472 [71722]
  473 
  474 [39224, 27974]
  475 
  476 [99226, 45476]
  477 
  478 
  479 
  480 [94230]
  481 
  482 
  483 [82983, 96733]
  484 [31734]
  485 
  486 
  487 
  488 [16738, 15488, 86738, 87988]
  489 [37989, 84239]
  490 
  491 [25491]
  492 
  493 [91743, 36743]
  494 [37994]
  495 
  496 [59246]
  497 [25497, 31747, 35497]
  498 
  499 [22999]
  500 [71750, 26750]
  501 [89251, 91751, 81751]
  502 [89252]
  503 
  504 
  505 [18005]
  506 [74256, 28006]
  507 
  508 
  509 [99259]
  510 
  511 [96761]
  512 [53012]
  513 [73013]
  514 [64264, 48014]
  515 [63015]
  516 [13016, 43016]
  517 
  518 
  519 [45519, 75519]
  520 
  521 
  522 [35522]
  523 
  524 [44274, 59274, 39274]
  525 
  526 
  527 [74277]
  528 [31778, 98028]
  529 [83029]
  530 [21780]
  531 [83031]
  532 [74282, 56782, 95532]
  533 [74283, 71783]
  534 
  535 [50535]
  536 
  537 [30537]
  538 [88038, 73038, 85538]
  539 
  540 [58040]
  541 
  542 [54292]
  543 
  544 [33044]
  545 
  546 
  547 [79297, 39297, 16797]
  548 
  549 [68049, 90549]
  550 
  551 
  552 
  553 [26803, 48053]
  554 
  555 [41805, 64305]
  556 
  557 [66807]
  558 [39308]
  559 [65559]
  560 [31810]
  561 
  562 
  563 
  564 [14314, 28064]
  565 [34315]
  566 [39316]
  567 [91817, 48067, 69317]
  568 
  569 [84319, 95569, 48069]
  570 [46820]
  571 [34321, 13071]
  572 
  573 
  574 [54324]
  575 [16825]
  576 
  577 [53077]
  578 [38078]
  579 
  580 
  581 [89331]
  582 
  583 
  584 [59334]
  585 [19335]
  586 
  587 
  588 
  589 [65589, 14339]
  590 [75590]
  591 [39341]
  592 [35592]
  593 [15593, 71843, 88093]
  594 
  595 [85595]
  596 [21846]
  597 [84347, 15597, 36847]
  598 [25598]
  599 
  600 
  601 
  602 [46852, 31852]
  603 
  604 
  605 
  606 [33106]
  607 [81857, 49357]
  608 
  609 
  610 
  611 
  612 
  613 
  614 
  615 [36865, 55615, 80615]
  616 
  617 
  618 [99368, 95618]
  619 [11869]
  620 
  621 
  622 
  623 [90623]
  624 [69374]
  625 
  626 
  627 
  628 [84378]
  629 [85629, 40629]
  630 
  631 
  632 
  633 [45633, 26883]
  634 
  635 
  636 
  637 
  638 [99388]
  639 
  640 [53140, 93140]
  641 [81891]
  642 [16892]
  643 [40643, 93143]
  644 
  645 
  646 [98146, 45646, 90646, 69396]
  647 [59397]
  648 
  649 [45649]
  650 [93150, 84400]
  651 [66901]
  652 [36902]
  653 [34403]
  654 
  655 [96905]
  656 [56906]
  657 
  658 
  659 [76909]
  660 [36910]
  661 
  662 [46912, 10662]
  663 
  664 [94414]
  665 [16915, 78165]
  666 [63166]
  667 [19417, 51917]
  668 [29418]
  669 [38169]
  670 [80670, 53170, 96920]
  671 [65671, 88171]
  672 [28172, 96922, 71922]
  673 
  674 
  675 [64425]
  676 [55676]
  677 
  678 [91928]
  679 [95679, 61929]
  680 
  681 
  682 [20682, 88182]
  683 
  684 [89434]
  685 
  686 [35686]
  687 
  688 [98188]
  689 
  690 
  691 
  692 [41942, 74442]
  693 [24443]
  694 
  695 [18195, 91945]
  696 [34446, 24446]
  697 
  698 [91948]
  699 
  700 
  701 
  702 
  703 [39453]
  704 [35704]
  705 [21955, 15705]
  706 
  707 [30707]
  708 
  709 [96959, 83209]
  710 
  711 [11961, 89461]
  712 
  713 [23213]
  714 
  715 
  716 [71966, 39466]
  717 
  718 
  719 
  720 [53220]
  721 [46971, 54471, 48221]
  722 [95722]
  723 [59473, 84473]
  724 
  725 
  726 
  727 [68227, 93227, 44477]
  728 [53228]
  729 [90729]
  730 
  731 [93231, 65731]
  732 [50732]
  733 [86983]
  734 
  735 
  736 
  737 
  738 [24488]
  739 [36989]
  740 
  741 
  742 [96992]
  743 [85743, 25743, 54493]
  744 [64494]
  745 [44495]
  746 
  747 [94497, 76997]
  748 
  749 [91999]
  750 [87000]
  751 
  752 
  753 [93253]
  754 [95754, 80754]
  755 
  756 [82006]
  757 
  758 
  759 
  760 [89510]
  761 [53261, 43261]
  762 [84512, 95762]
  763 
  764 
  765 
  766 
  767 
  768 [39518]
  769 
  770 [97020, 59520]
  771 
  772 [20772, 88272]
  773 
  774 [63274]
  775 
  776 [52026]
  777 
  778 
  779 
  780 
  781 
  782 [65782]
  783 
  784 
  785 
  786 [47036]
  787 [89537]
  788 [82038]
  789 
  790 
  791 
  792 [55792, 67042, 78292]
  793 
  794 
  795 [77045]
  796 
  797 
  798 
  799 
  800 
  801 [43301, 95801]
  802 
  803 [50803]
  804 [15804, 99554]
  805 [78305, 70805]
  806 [14556]
  807 [22057, 67057]
  808 [33308]
  809 
  810 [70810]
  811 [48311]
  812 [97062]
  813 [13313]
  814 [84564]
  815 
  816 [12066]
  817 [63317]
  818 [20818, 52068]
  819 [98319]
  820 
  821 [53321]
  822 
  823 
  824 
  825 [75825, 58325]
  826 [18326]
  827 [49577, 38327]
  828 [93328, 62078]
  829 
  830 [82080]
  831 
  832 [65832]
  833 [82083]
  834 [80834]
  835 [40835]
  836 
  837 [32087, 54587]
  838 [15838, 85838]
  839 
  840 
  841 [89591]
  842 [52092]
  843 
  844 
  845 [27095]
  846 [14596]
  847 [73347, 32097]
  848 
  849 
  850 
  851 [72101]
  852 [82102, 45852]
  853 
  854 [34604]
  855 
  856 
  857 [65857, 50857]
  858 [14608]
  859 
  860 [14610]
  861 [49611]
  862 
  863 [84613]
  864 
  865 
  866 [30866, 78366]
  867 
  868 
  869 [54619]
  870 
  871 [24621]
  872 [19622]
  873 
  874 
  875 
  876 [24626, 35876]
  877 [62127, 87127, 42127]
  878 
  879 [12129, 58379]
  880 [18380]
  881 [64631]
  882 [52132]
  883 
  884 [85884]
  885 [90885]
  886 
  887 [12137]
  888 
  889 [47139]
  890 [70890]
  891 
  892 [73392, 82142, 90892]
  893 
  894 
  895 
  896 
  897 [33397, 37147]
  898 
  899 [33399]
  900 [88400]
  901 
  902 [88402]
  903 
  904 
  905 [85905, 75905]
  906 
  907 
  908 [99658, 59658]
  909 [89659, 79659]
  910 
  911 
  912 [13412, 44662]
  913 [42163]
  914 [97164]
  915 [40915]
  916 [97166]
  917 
  918 
  919 [57169]
  920 [99670]
  921 
  922 [10922]
  923 
  924 [30924, 83424, 94674]
  925 
  926 [55926]
  927 [73427]
  928 
  929 
  930 [25930]
  931 [45931]
  932 
  933 [93433]
  934 [83434, 32184]
  935 [54685]
  936 [64686]
  937 [30937, 57187]
  938 
  939 [85939, 45939, 59689]
  940 
  941 
  942 [23442, 17192]
  943 
  944 
  945 
  946 [25946, 75946]
  947 [70947, 35947]
  948 
  949 [33449]
  950 [29700, 34700, 13450]
  951 [80951]
  952 
  953 [25953]
  954 [78454]
  955 [92205]
  956 
  957 [35957]
  958 
  959 
  960 [53460, 99710, 78460]
  961 
  962 [38462, 60962]
  963 
  964 
  965 [22215]
  966 
  967 
  968 [74718, 28468]
  969 [65969, 63469]
  970 [19720]
  971 
  972 [88472, 82222, 75972]
  973 
  974 [69724]
  975 [75975]
  976 [59726, 60976]
  977 
  978 
  979 [78479, 79729]
  980 [25980]
  981 
  982 [60982, 82232]
  983 
  984 [14734]
  985 [13485]
  986 [74736, 63486]
  987 [79737]
  988 [68488]
  989 [53489]
  990 
  991 [40991, 22241]
  992 
  993 
  994 [12244]
  995 [27245]
  996 [67246]
  997 [54747, 57247, 95997]
  998 [27248, 90998]
  999 [58499]
 1000 [69750, 91000, 76000]
 1001 
 1002 [47252]
 1003 
 1004 
 1005 [81005, 54755]
 1006 
 1007 [14757]
 1008 [48508]
 1009 
 1010 
 1011 
 1012 
 1013 [77263, 68513]
 1014 [22264, 63514, 58514, 43514]
 1015 [26015]
 1016 
 1017 
 1018 
 1019 [14769]
 1020 [81020]
 1021 [39771]
 1022 
 1023 
 1024 [51024]
 1025 [86025]
 1026 [42276, 67276, 46026, 88526]
 1027 
 1028 [19778]
 1029 [89779]
 1030 [26030]
 1031 
 1032 
 1033 
 1034 [37284]
 1035 
 1036 
 1037 [74787]
 1038 
 1039 
 1040 [69790]
 1041 [73541, 62291, 92291, 47291]
 1042 [71042]
 1043 
 1044 
 1045 
 1046 [64796]
 1047 [13547]
 1048 
 1049 [96049]
 1050 [61050, 84800]
 1051 [57301]
 1052 [84802, 41052]
 1053 
 1054 
 1055 
 1056 [92306, 63556]
 1057 [84807, 24807]
 1058 
 1059 [62309]
 1060 [37310]
 1061 
 1062 [21062, 44812]
 1063 [78563]
 1064 [82314, 32314]
 1065 [21065]
 1066 
 1067 
 1068 
 1069 [31069, 49819]
 1070 
 1071 [24821]
 1072 [66072, 78572]
 1073 
 1074 
 1075 [18575, 26075, 62325]
 1076 [73576]
 1077 [76077]
 1078 
 1079 
 1080 
 1081 [54831, 29831]
 1082 [96082]
 1083 [58583, 39833]
 1084 
 1085 
 1086 
 1087 
 1088 
 1089 
 1090 [53590]
 1091 
 1092 
 1093 
 1094 [99844]
 1095 
 1096 [71096]
 1097 
 1098 [67348]
 1099 [34849]
 1100 
 1101 
 1102 [48602]
 1103 
 1104 
 1105 [36105]
 1106 [62356, 67356]
 1107 [88607]
 1108 
 1109 
 1110 [47360]
 1111 [22361]
 1112 [88612]
 1113 
 1114 
 1115 
 1116 
 1117 
 1118 [56118, 14868]
 1119 [96119]
 1120 
 1121 
 1122 [26122, 29872]
 1123 [44873]
 1124 [13624, 26124]
 1125 [19875, 24875]
 1126 
 1127 [28627, 37377]
 1128 
 1129 [14879, 63629]
 1130 
 1131 [92381, 88631]
 1132 [53632, 64882]
 1133 [42383]
 1134 [38634]
 1135 
 1136 [97386]
 1137 [56137, 91137]
 1138 [56138, 64888]
 1139 
 1140 [28640, 49890]
 1141 [92391]
 1142 [17392, 78642]
 1143 
 1144 
 1145 [12395]
 1146 [77396, 38646]
 1147 
 1148 [61148, 39898]
 1149 [14899]
 1150 [37400, 41150]
 1151 [46151]
 1152 [24902]
 1153 [96153]
 1154 
 1155 [86155, 31155]
 1156 
 1157 
 1158 [27408]
 1159 [11159, 93659, 56159]
 1160 [26160, 67410, 46160]
 1161 [51161]
 1162 
 1163 
 1164 [79914]
 1165 
 1166 [22416]
 1167 [92417]
 1168 
 1169 [83669, 63669]
 1170 [63670, 16170, 42420]
 1171 
 1172 
 1173 
 1174 
 1175 
 1176 [69926]
 1177 
 1178 [58678, 34928]
 1179 [97429]
 1180 
 1181 
 1182 [54932]
 1183 [44933]
 1184 [78684]
 1185 [99935, 78685]
 1186 [99936]
 1187 
 1188 
 1189 [59939, 32439]
 1190 [81190]
 1191 [22441]
 1192 [29942]
 1193 [98693]
 1194 
 1195 
 1196 
 1197 [28697]
 1198 [29948, 34948]
 1199 [44949, 81199]
 1200 
 1201 
 1202 
 1203 [73703, 17453]
 1204 [11204]
 1205 [69955]
 1206 [12456, 93706]
 1207 
 1208 
 1209 [39959]
 1210 [67460, 54960]
 1211 
 1212 [41212, 18712, 66212]
 1213 [89963, 38713]
 1214 [48714]
 1215 [72465]
 1216 
 1217 
 1218 
 1219 
 1220 [32470]
 1221 [63721]
 1222 
 1223 [28723]
 1224 [89974]
 1225 [13725]
 1226 [29976, 76226]
 1227 
 1228 
 1229 [99979]
 1230 [33730]
 1231 
 1232 
 1233 [44983, 42483]
 1234 [18734, 42484]
 1235 
 1236 
 1237 
 1238 
 1239 [63739, 22489]
 1240 [62490, 72490]
 1241 
 1242 
 1243 [93743]
 1244 
 1245 [44995]
 1246 
 1247 [19997, 71247, 37497]
 1248 
 1249 [72499, 28749]
