    0 91000
    1 80001
    2 24902
    3 62903
    4 44004
    5 81005
    6 82006
    7 90998
    8 91999
    9 87000
   10 27974
   11 67911
   12 53012
   13 73013
   14 18005
   15 48014
   16 63015
   17 13016
   18 66662
   19 44983
   20 97020
   21 79021
   22 16797
   23 25023
   24 51024
   25 86025
   26 68990
   27 19027
   28 95028
   29 55028
   30 26030
   31 83031
   32 91948
   33 14033
   34 86738
   35 46026
   36 47036
   37 40012
   38 88038
   39 73038
   40 85040
   41 58040
   42 71042
   43 64042
   44 33044
   45 77045
   46 84045
   47 74047
   48 34948
   49 65049
   50 68049
   51 61050
   52 41052
   53 48053
   54 35045
   55 25055
   56 24055
   57 22057
   58 67057
   59 95618
   60 85060
   61 14060
   62 21062
   63 55063
   64 98028
   65 21065
   66 50066
   67 48067
   68 37284
   69 31069
   70 10070
   71 97062
   72 40288
   73 66072
   74 24038
   75 26075
   76 19720
   77 76077
   78 49078
   79 62078
   80 82080
   81 14081
   82 54081
   83 82083
   84 84059
   85 96049
   86 10077
   87 32087
   88 50732
   89 48888
   90 92306
   91 96082
   92 69056
   93 88093
   94 44933
   95 99095
   96 27095
   97 71096
   98 80098
   99 59658
  100 75019
  101 72101
  102 82102
  103 30103
  104 69095
  105 36105
  106 74105
  107 33106
  108 55024
  109 44109
  110 25101
  111 89110
  112 80112
  113 53077
  114 44114
  115 15114
  116 43016
  117 16892
  118 56118
  119 55119
  120 15119
  121 32896
  122 26122
  123 39898
  124 84124
  125 26124
  126 75126
  127 62127
  128 87127
  129 12129
  130 59689
  131 65131
  132 52132
  133 39132
  134 14734
  135 39035
  136 65136
  137 56137
  138 56138
  139 35138
  140 53140
  141 93140
  142 67042
  143 82142
  144 96119
  145 14145
  146 98146
  147 37147
  148 61148
  149 95113
  150 93150
  151 46151
  152 14868
  153 96153
  154 91713
  155 86155
  156 80056
  157 54932
  158 69374
  159 11159
  160 26160
  161 51161
  162 65161
  163 95722
  164 94164
  165 78165
  166 63166
  167 26883
  168 10168
  169 57169
  170 53170
  171 88171
  172 28172
  173 91137
  174 96733
  175 47139
  176 54176
  177 34177
  178 38169
  179 32738
  180 35179
  181 64172
  182 88182
  183 71783
  184 36743
  185 32184
  186 39186
  187 65187
  188 65188
  189 98188
  190 35181
  191 89155
  192 52092
  193 45193
  194 29418
  195 18195
  196 46160
  197 54197
  198 57757
  199 81199
  200 97164
  201 45101
  202 97166
  203 13978
  204 29204
  205 92205
  206 24205
  207 45207
  208 40207
  209 83209
  210 27554
  211 59195
  212 41212
  213 23213
  214 79198
  215 22215
  216 24807
  217 35217
  218 
  219 95219
  220 53220
  221 45212
  222 82222
  223 57187
  224 39224
  225 76000
  226 99226
  227 68227
  228 93227
  229 53228
  230 94230
  231 93231
  232 82232
  233 33449
  234 84198
  235 20226
  236 31155
  237 12137
  238 32882
  239 84239
  240 11204
  241 22241
  242 57946
  243 35947
  244 10244
  245 27245
  246 67246
  247 71247
  248 27248
  249 25249
  250 41150
  251 89251
  252 89252
  253 85253
  254 59029
  255 59246
  256 57247
  257 74256
  258 51258
  259 99259
  260 81259
  261 53261
  262 76226
  263 77263
  264 64264
  265 22264
  266 81265
  267 25267
  268 28972
  269 60260
  270 43261
  271 75975
  272 29831
  273 61273
  274 63274
  275 44274
  276 42276
  277 67276
  278 74277
  279 70279
  280 12244
  281 14056
  282 74282
  283 59274
  284 74283
  285 36285
  286 27690
  287 45287
  288 65288
  289 96288
  290 81190
  291 62291
  292 54292
  293 78292
  294 48069
  295 30295
  296 11296
  297 79297
  298 16297
  299 50298
  300 92291
  301 43301
  302 57301
  303 38078
  304 60295
  305 78305
  306 64305
  307 51306
  308 39308
  309 62309
  310 37310
  311 48311
  312 66212
  313 13313
  314 82314
  315 34315
  316 39316
  317 63317
  318 69317
  319 84319
  320 98319
  321 53321
  322 34321
  323 14314
  324 54324
  325 62325
  326 18326
  327 51327
  328 38327
  329 93328
  330 54685
  331 89331
  332 31332
  333 39297
  334 59334
  335 19335
  336 80300
  337 
  338 32097
  339 14339
  340 95331
  341 39341
  342 21341
  343 83955
  344 86308
  345 
  346 40310
  347 84347
  348 73347
  349 67348
  350 32314
  351 44995
  352 15252
  353 93253
  354 56254
  355 80355
  356 62356
  357 11357
  358 49357
  359 11275
  360 28064
  361 22361
  362 12066
  363 96363
  364 42163
  365 67356
  366 78366
  367 70367
  368 99368
  369 34928
  370 86586
  371 25930
  372 88272
  373 55123
  374 20274
  375 21366
  376 81020
  377 20377
  378 70378
  379 58379
  380 18380
  381 92381
  382 64882
  383 95383
  384 42383
  385 83029
  386 97386
  387 75946
  388 99388
  389 56388
  390 99554
  391 92391
  392 17392
  393 73392
  394 25394
  395 12395
  396 77396
  397 33397
  398 46398
  399 33399
  400 37400
  401 88400
  402 88402
  403 90403
  404 34403
  405 90405
  406 59397
  407 65782
  408 33308
  409 37968
  410 67410
  411 21411
  412 13412
  413 37377
  414 94414
  415 26015
  416 22416
  417 19417
  418 92417
  419 61410
  420 75384
  421 22925
  422 48221
  423 42127
  424 83424
  425 64425
  426 65426
  427 73427
  428 31427
  429 97429
  430 31810
  431 66395
  432 90432
  433 93433
  434 89434
  435 83434
  436 14027
  437 60437
  438 76997
  439 32439
  440 56404
  441 50441
  442 23442
  443 24443
  444 27408
  445 85884
  446 21446
  447 95446
  448 21348
  449 26349
  450 13450
  451 74442
  452 11452
  453 39453
  454 55454
  455 71454
  456 12456
  457 14161
  458 71457
  459 95459
  460 53460
  461 80461
  462 70462
  463 38462
  464 87988
  465 72465
  466 16170
  467 52026
  468 28468
  469 67460
  470 32470
  471 54471
  472 88472
  473 59473
  474 41474
  475 28754
  476 45476
  477 44477
  478 84378
  479 78479
  480 71479
  481 75905
  482 84473
  483 42483
  484 42484
  485 13485
  486 89461
  487 70131
  488 24488
  489 53489
  490 62490
  491 25491
  492 95408
  493 54493
  494 64494
  495 44495
  496 86495
  497 37497
  498 94497
  499 72499
  500 42500
  501 47860
  502 28006
  503 57503
  504 56504
  505 36496
  506 25497
  507 71498
  508 58499
  509 51509
  510 89510
  511 16510
  512 12512
  513 68513
  514 63514
  515 51514
  516 47291
  517 48508
  518 47518
  519 45519
  520 66295
  521 59520
  522 51513
  523 58514
  524 61488
  525 72525
  526 26526
  527 88526
  528 75519
  529 37745
  530 92746
  531 82531
  532 46496
  533 56497
  534 26750
  535 50535
  536 52652
  537 30537
  538 85538
  539 47538
  540 83756
  541 73541
  542 37541
  543 93143
  544 92544
  545 66509
  546 86546
  547 13547
  548 47252
  549 16549
  550 90549
  551 87515
  552 90327
  553 17453
  554 78454
  555 32546
  556 14556
  557 55332
  558 35522
  559 65559
  560 26560
  561 12561
  562 
  563 52563
  564 84564
  565 17556
  566 86557
  567 13071
  568 95532
  569 95569
  570 42569
  571 66471
  572 78572
  573 89537
  574 17574
  575 37575
  576 73576
  577 49577
  578 42578
  579 86579
  580 54619
  581 35497
  582 51581
  583 58583
  584 18575
  585 82576
  586 27586
  587 54587
  588 15488
  589 65589
  590 72490
  591 75590
  592 35592
  593 15593
  594 82038
  595 85595
  596 51596
  597 15597
  598 25598
  599 53590
  600 89591
  601 82592
  602 48602
  603 77603
  604 34604
  605 41505
  606 17597
  607 88607
  608 14608
  609 12609
  610 42609
  611 57611
  612 88612
  613 84613
  614 43514
  615 55615
  616 80615
  617 16608
  618 42618
  619 14610
  620 12620
  621 24621
  622 19622
  623 90623
  624 11623
  625 13624
  626 24626
  627 28627
  628 42628
  629 85629
  630 42630
  631 64631
  632 53632
  633 82624
  634 38634
  635 96634
  636 81627
  637 51636
  638 40629
  639 46639
  640 47640
  641 28640
  642 97642
  643 78642
  644 86644
  645 42420
  646 38646
  647 45646
  648 44812
  649 45649
  650 61649
  651 37642
  652 40643
  653 39212
  654 63629
  655 90646
  656 47360
  657 44873
  658 52658
  659 89659
  660 93659
  661 41661
  662 44662
  663 62663
  664 61663
  665 87665
  666 22441
  667 46667
  668 58947
  669 83669
  670 99670
  671 63670
  672 65671
  673 69955
  674 56674
  675 94674
  676 55676
  677 46677
  678 63669
  679 95679
  680 39959
  681 58325
  682 20682
  683 14899
  684 78684
  685 78685
  686 64686
  687 35686
  688 13852
  689 35248
  690 71689
  691 39466
  692 41592
  693 92693
  694 98693
  695 16695
  696 14596
  697 28697
  698 10662
  699 92699
  700 36700
  701 29700
  702 63486
  703 73703
  704 35704
  705 15705
  706 80670
  707 30707
  708 56707
  709 34700
  710 99710
  711 61711
  712 18712
  713 47704
  714 48714
  715 93706
  716 67716
  717 63556
  718 74718
  719 71718
  720 77719
  721 72721
  722 63721
  723 71722
  724 69724
  725 13725
  726 59726
  727 72843
  728 52068
  729 90729
  730 76721
  731 33947
  732 28723
  733 45633
  734 18734
  735 31734
  736 74736
  737 79737
  738 16738
  739 63739
  740 65731
  741 78460
  742 24446
  743 85743
  744 25743
  745 67744
  746 60962
  747 54747
  748 52712
  749 28749
  750 71750
  751 91751
  752 93743
  753 25197
  754 95754
  755 80754
  756 17755
  757 27757
  758 83757
  759 69750
  760 81751
  761 96761
  762 47762
  763 95762
  764 54755
  765 88765
  766 43766
  767 37758
  768 15327
  769 14769
  770 23761
  771 39771
  772 20772
  773 57772
  774 47774
  775 82766
  776 90892
  777 22999
  778 31778
  779 19778
  780 68779
  781 62745
  782 56782
  783 92783
  784 66559
  785 25111
  786 48786
  787 74787
  788 89779
  789 21780
  790 83790
  791 69790
  792 55792
  793 14757
  794 62794
  795 61499
  796 64796
  797 38713
  798 52698
  799 33790
  800 84800
  801 95801
  802 84802
  803 50803
  804 26803
  805 41805
  806 70805
  807 66807
  808 88807
  809 80288
  810 70810
  811 72811
  812 33812
  813 15804
  814 39518
  815 28815
  816 84807
  817 91817
  818 20818
  819 88810
  820 46820
  821 24821
  822 68822
  823 77923
  824 82724
  825 75825
  826 16825
  827 49611
  828 49819
  829 79729
  830 33730
  831 43831
  832 54831
  833 65832
  834 80834
  835 97834
  836 40835
  837 69396
  838 15838
  839 85838
  840 18831
  841 84400
  842 39833
  843 71843
  844 99844
  845 33845
  846 42846
  847 31747
  848 36847
  849 34849
  850 77849
  851 60067
  852 46852
  853 72844
  854 51629
  855 21846
  856 88631
  857 81857
  858 65857
  859 48858
  860 79659
  861 72861
  862 87861
  863 78563
  864 92964
  865 36865
  866 30866
  867 52866
  868 84512
  869 11869
  870 17870
  871 47871
  872 18871
  873 29872
  874 39274
  875 19875
  876 17875
  877 12877
  878 58877
  879 14879
  880 88880
  881 77880
  882 88857
  883 99658
  884 24875
  885 73885
  886 27786
  887 34446
  888 31852
  889 64888
  890 70890
  891 81891
  892 57892
  893 50857
  894 57894
  895 63895
  896 23896
  897 68488
  898 62898
  899 49890
  900 72900
  901 66901
  902 36902
  903 58678
  904 78904
  905 96905
  906 56906
  907 98906
  908 48908
  909 76909
  910 36910
  911 78911
  912 46912
  913 17192
  914 85905
  915 16915
  916 40915
  917 68817
  918 51917
  919 63819
  920 96920
  921 90885
  922 10922
  923 79914
  924 30924
  925 88925
  926 69926
  927 93927
  928 91928
  929 61929
  930 22489
  931 96922
  932 47932
  933 77933
  934 53933
  935 99935
  936 99936
  937 30937
  938 83938
  939 59939
  940 85939
  941 97932
  942 41942
  943 56159
  944 98935
  945 91945
  946 25946
  947 72946
  948 29948
  949 44949
  950 17950
  951 68950
  952 45852
  953 67944
  954 25953
  955 21955
  956 70947
  957 35957
  958 71922
  959 96959
  960 54960
  961 11961
  962 55926
  963 89963
  964 72963
  965 63469
  966 71966
  967 45931
  968 91743
  969 65969
  970 87970
  971 32962
  972 46971
  973 75972
  974 89974
  975 45939
  976 35876
  977 29976
  978 29942
  979 99979
  980 25980
  981 88945
  982 60982
  983 82983
  984 86983
  985 60976
  986 23985
  987 80951
  988 51588
  989 37989
  990 36989
  991 40991
  992 18992
  993 96992
  994 37994
  995 78895
  996 97640
  997 19997
  998 95997
  999 63999
