    0 91000
    1 54587
    2 88402
    3 
    4 58499
    5 74105
    6 41592
    7 92306
    8 51917
    9 83209
   10 40310
   11 72811
   12 33812
   13 84512
   14 58514
   15 16915
   16 13016
   17 
   18 20818
   19 45519
   20 46820
   21 53321
   22 63721
   23 
   24 54619
   25 
   26 55926
   27 87127
   28 28627
   29 26015
   30 26030
   31 52026
   32 50732
   33 
   34 
   35 76721
   36 39035
   37 
   38 85838
   39 63739
   40 14339
   41 28640
   42 23442
   43 29942
   44 72844
   45 33845
   46 32546
   47 57247
   48 61148
   49 65049
   50 68950
   51 
   52 46852
   53 29948
   54 
   55 88400
   56 
   57 72843
   58 37758
   59 93659
   60 
   61 72861
   62 41661
   63 
   64 84564
   65 62325
   66 
   67 
   68 35138
   69 14314
   70 80670
   71 13071
   72 88472
   73 52068
   74 44274
   75 26075
   76 29976
   77 
   78 
   79 70279
   80 89779
   81 92381
   82 35181
   83 58583
   84 35179
   85 85884
   86 54685
   87 
   88 15597
   89 96288
   90 62490
   91 92391
   92 52092
   93 
   94 
   95 68990
   96 36496
   97 28697
   98 
   99 
  100 72900
  101 57301
  102 
  103 50803
  104 
  105 15705
  106 98906
  107 82006
  108 27408
  109 66395
  110 85905
  111 93706
  112 46912
  113 84613
  114 
  115 22215
  116 67716
  117 35217
  118 92417
  119 63819
  120 75519
  121 24821
  122 19622
  123 26122
  124 28723
  125 26124
  126 18326
  127 88526
  128 95028
  129 
  130 43016
  131 65131
  132 52132
  133 31332
  134 45633
  135 98935
  136 65136
  137 39132
  138 91137
  139 59939
  140 85939
  141 22241
  142 97642
  143 93743
  144 67744
  145 97640
  146 72946
  147 54747
  148 33947
  149 45649
  150 28749
  151 45646
  152 82038
  153 35248
  154 80754
  155 54755
  156 74256
  157 69056
  158 50857
  159 28754
  160 53460
  161 26160
  162 65161
  163 96363
  164 22264
  165 78165
  166 
  167 70367
  168 72963
  169 11869
  170 
  171 46971
  172 66471
  173 61273
  174 
  175 24875
  176 48221
  177 49577
  178 70378
  179 58678
  180 18380
  181 82080
  182 74282
  183 74283
  184 82083
  185 37745
  186 39186
  187 65187
  188 65188
  189 53489
  190 75590
  191 74277
  192 
  193 
  194 71689
  195 63895
  196 69095
  197 
  198 24807
  199 
  200 
  201 
  202 82102
  203 30103
  204 15804
  205 41805
  206 
  207 88607
  208 
  209 76909
  210 66509
  211 48311
  212 88612
  213 39212
  214 73013
  215 28815
  216 24902
  217 
  218 56118
  219 71718
  220 19720
  221 
  222 71722
  223 
  224 39224
  225 83424
  226 86025
  227 31427
  228 
  229 
  230 
  231 54831
  232 88631
  233 15327
  234 80834
  235 83434
  236 47036
  237 56137
  238 15838
  239 56138
  240 
  241 49611
  242 71457
  243 73038
  244 92544
  245 
  246 
  247 82142
  248 
  249 22999
  250 71750
  251 
  252 32738
  253 
  254 27554
  255 
  256 14556
  257 
  258 
  259 66559
  260 56159
  261 11961
  262 70462
  263 89963
  264 62663
  265 21065
  266 22361
  267 21062
  268 37968
  269 
  270 
  271 
  272 60067
  273 
  274 89974
  275 39274
  276 10662
  277 44477
  278 19778
  279 
  280 
  281 
  282 
  283 71783
  284 
  285 
  286 27586
  287 
  288 65288
  289 37989
  290 53590
  291 
  292 78292
  293 17192
  294 37994
  295 44495
  296 99095
  297 39297
  298 76997
  299 63999
  300 36700
  301 14596
  302 84802
  303 57503
  304 95113
  305 78305
  306 
  307 84807
  308 39308
  309 14608
  310 14610
  311 67911
  312 
  313 13313
  314 84800
  315 61410
  316 39316
  317 22416
  318 
  319 95219
  320 
  321 
  322 82222
  323 25023
  324 51024
  325 
  326 
  327 93927
  328 
  329 40629
  330 
  331 
  332 53632
  333 82232
  334 97834
  335 
  336 
  337 54932
  338 
  339 47139
  340 
  341 39341
  342 64042
  343 71843
  344 36743
  345 77045
  346 62745
  347 41942
  348 40643
  349 67944
  350 26349
  351 80951
  352 45852
  353 
  354 56254
  355 86155
  356 25055
  357 
  358 
  359 58040
  360 54960
  361 43261
  362 23761
  363 66662
  364 79659
  365 88765
  366 78366
  367 12066
  368 
  369 
  370 
  371 22441
  372 74442
  373 28972
  374 
  375 19875
  376 18575
  377 34177
  378 58877
  379 38078
  380 
  381 
  382 32882
  383 
  384 
  385 
  386 
  387 
  388 61488
  389 22489
  390 27690
  391 
  392 
  393 92693
  394 62794
  395 30295
  396 32896
  397 35497
  398 90892
  399 92699
  400 61499
  401 43301
  402 25101
  403 
  404 
  405 81005
  406 
  407 88807
  408 48508
  409 
  410 88810
  411 57611
  412 13412
  413 
  414 82314
  415 87515
  416 25111
  417 69317
  418 
  419 49819
  420 81020
  421 
  422 35522
  423 71922
  424 55024
  425 75825
  426 99226
  427 65426
  428 55028
  429 12129
  430 79729
  431 95331
  432 45931
  433 97932
  434 96634
  435 14734
  436 
  437 79737
  438 12137
  439 45939
  440 
  441 
  442 
  443 
  444 
  445 
  446 92746
  447 36847
  448 58947
  449 68049
  450 13450
  451 
  452 47252
  453 39453
  454 78454
  455 
  456 
  457 27757
  458 14757
  459 99259
  460 60260
  461 51161
  462 32962
  463 55063
  464 
  465 36865
  466 71966
  467 44662
  468 
  469 83669
  470 38169
  471 88857
  472 64172
  473 
  474 14769
  475 69374
  476 
  477 
  478 
  479 78479
  480 88880
  481 
  482 
  483 92783
  484 95383
  485 13485
  486 27786
  487 
  488 56388
  489 
  490 49890
  491 47291
  492 17392
  493 35592
  494 
  495 60295
  496 23896
  497 19997
  498 62898
  499 
  500 80615
  501 69396
  502 48602
  503 36902
  504 62903
  505 56404
  506 75905
  507 66807
  508 86308
  509 95408
  510 36910
  511 25197
  512 18712
  513 
  514 
  515 34315
  516 
  517 
  518 39518
  519 55119
  520 
  521 34321
  522 10922
  523 55123
  524 
  525 88925
  526 26526
  527 46026
  528 42127
  529 59029
  530 
  531 
  532 
  533 98028
  534 18734
  535 40835
  536 
  537 
  538 96733
  539 31734
  540 85040
  541 21341
  542 
  543 
  544 12244
  545 33044
  546 95446
  547 31747
  548 73347
  549 25249
  550 61649
  551 75946
  552 13547
  553 17453
  554 
  555 
  556 83756
  557 83757
  558 57757
  559 65559
  560 85060
  561 26560
  562 96761
  563 77263
  564 64264
  565 94164
  566 87665
  567 25267
  568 52563
  569 99368
  570 16170
  571 21366
  572 57772
  573 75972
  574 47360
  575 88945
  576 75975
  577 61663
  578 31778
  579 14879
  580 
  581 
  582 14868
  583 
  584 
  585 23985
  586 35686
  587 
  588 99388
  589 36989
  590 83790
  591 81190
  592 73392
  593 42163
  594 65589
  595 
  596 
  597 56497
  598 
  599 81199
  600 14899
  601 72101
  602 78572
  603 34403
  604 56504
  605 35704
  606 64305
  607 51306
  608 
  609 29204
  610 70810
  611 21411
  612 61711
  613 51258
  614 48714
  615 40915
  616 63015
  617 44812
  618 74718
  619 79914
  620 33106
  621 
  622 
  623 
  624 13624
  625 
  626 
  627 68227
  628 51327
  629 
  630 94230
  631 82531
  632 73427
  633 95532
  634 53933
  635 70805
  636 74736
  637 60437
  638 30537
  639 21348
  640 31810
  641 38327
  642 78642
  643 24038
  644 43514
  645 18831
  646 21446
  647 98146
  648 
  649 
  650 95459
  651 46151
  652 31852
  653 52652
  654 78563
  655 24055
  656 17556
  657 90327
  658 52658
  659 81259
  660 46160
  661 
  662 
  663 
  664 78460
  665 81265
  666 50066
  667 
  668 
  669 95569
  670 39466
  671 65671
  672 18871
  673 44873
  674 17574
  675 27974
  676 42276
  677 76077
  678 92964
  679 
  680 
  681 82576
  682 
  683 
  684 78684
  685 78685
  686 48786
  687 74787
  688 98188
  689 
  690 70890
  691 40991
  692 57892
  693 82592
  694 57894
  695 86495
  696 77396
  697 16297
  698 17597
  699 25394
  700 12395
  701 80001
  702 
  703 90403
  704 
  705 96905
  706 90405
  707 28006
  708 
  709 59195
  710 89110
  711 
  712 52712
  713 91713
  714 
  715 
  716 
  717 
  718 47518
  719 95618
  720 96920
  721 
  722 96922
  723 
  724 82624
  725 13725
  726 20226
  727 
  728 52698
  729 
  730 64425
  731 65731
  732 90432
  733 55332
  734 44933
  735 
  736 
  737 34446
  738 83938
  739 47538
  740 76000
  741 73541
  742 67042
  743 91743
  744 
  745 
  746 86546
  747 37147
  748 70947
  749 44949
  750 26750
  751 91751
  752 41052
  753 85253
  754 99554
  755 89155
  756 80056
  757 67057
  758 86557
  759 96959
  760 11159
  761 12456
  762 38462
  763 48858
  764 28064
  765 
  766 63166
  767 
  768 
  769 83955
  770 
  771 39771
  772 
  773 
  774 56674
  775 59274
  776 73576
  777 35876
  778 
  779 95679
  780 86579
  781 54081
  782 65782
  783 42383
  784 44983
  785 
  786 86586
  787 
  788 20274
  789 48888
  790 
  791 25491
  792 18992
  793 96992
  794 64494
  795 44995
  796 
  797 25497
  798 80098
  799 
  800 
  801 59246
  802 
  803 26803
  804 34604
  805 24205
  806 
  807 30707
  808 33308
  809 48908
  810 51509
  811 16892
  812 80112
  813 51513
  814 51514
  815 15114
  816 87861
  817 91817
  818 11204
  819 15119
  820 97020
  821 56707
  822 95722
  823 29418
  824 69724
  825 82724
  826 12512
  827 19027
  828 94414
  829 61929
  830 22925
  831 76226
  832 65832
  833 98319
  834 59334
  835 
  836 
  837 57946
  838 39833
  839 
  840 47640
  841 93140
  842 71042
  843 93143
  844 86644
  845 84045
  846 
  847 35947
  848 
  849 90549
  850 69750
  851 89251
  852 89252
  853 13852
  854 95754
  855 17755
  856 
  857 65857
  858 35957
  859 55454
  860 84059
  861 12561
  862 97062
  863 99658
  864 93150
  865 
  866 43766
  867 52866
  868 
  869 
  870 99670
  871 82766
  872 28172
  873 
  874 63274
  875 87970
  876 54176
  877 20377
  878 
  879 
  880 41150
  881 51581
  882 56782
  883 42483
  884 42484
  885 37284
  886 66901
  887 32087
  888 51588
  889 68488
  890 69790
  891 
  892 95762
  893 87988
  894 
  895 78895
  896 51596
  897 94497
  898 46398
  899 25598
  900 42500
  901 95801
  902 33397
  903 73703
  904 78904
  905 47704
  906 45101
  907 
  908 77603
  909 12609
  910 11296
  911 78911
  912 41212
  913 68513
  914 34700
  915 37310
  916 
  917 63317
  918 
  919 75019
  920 12620
  921 
  922 
  923 90623
  924 84124
  925 
  926 71096
  927 93227
  928 50298
  929 51629
  930 11275
  931 43831
  932 89331
  933 91928
  934 38634
  935 
  936 93231
  937 51636
  938 88038
  939 86738
  940 16510
  941 
  942 
  943 
  944 
  945 91945
  946 38646
  947 67246
  948 91948
  949 16549
  950 33449
  951 90646
  952 54197
  953 15252
  954 93253
  955 
  956 
  957 11357
  958 
  959 39959
  960 42420
  961 64631
  962 47762
  963 
  964 97164
  965 72465
  966 30866
  967 97166
  968 
  969 65969
  970 10070
  971 17870
  972 
  973 59473
  974 47774
  975 17875
  976 67276
  977 37377
  978 49078
  979 42578
  980 21780
  981 
  982 10077
  983 42569
  984 32184
  985 
  986 64686
  987 
  988 59397
  989 39898
  990 72490
  991 
  992 54292
  993 45193
  994 88093
  995 
  996 46496
  997 
  998 84198
  999 72499
 1000 37400
 1001 80300
 1002 80288
 1003 
 1004 91999
 1005 36105
 1006 56906
 1007 45207
 1008 16608
 1009 42609
 1010 
 1011 
 1012 45212
 1013 53012
 1014 38713
 1015 55615
 1016 
 1017 40012
 1018 42618
 1019 77719
 1020 59520
 1021 79021
 1022 
 1023 26883
 1024 30924
 1025 72525
 1026 69926
 1027 62127
 1028 42628
 1029 90729
 1030 42630
 1031 75126
 1032 81627
 1033 93328
 1034 14033
 1035 89434
 1036 
 1037 30937
 1038 54324
 1039 84239
 1040 
 1041 50441
 1042 
 1043 24443
 1044 99844
 1045 
 1046 21846
 1047 71247
 1048 25743
 1049 34849
 1050 17950
 1051 24446
 1052 11452
 1053 67348
 1054 
 1055 80355
 1056 67356
 1057 14056
 1058 
 1059 
 1060 14060
 1061 89461
 1062 
 1063 
 1064 
 1065 47860
 1066 
 1067 
 1068 10168
 1069 62078
 1070 63469
 1071 47871
 1072 88171
 1073 66072
 1074 94674
 1075 
 1076 55676
 1077 53077
 1078 
 1079 
 1080 
 1081 14081
 1082 88182
 1083 82983
 1084 
 1085 73885
 1086 63486
 1087 45287
 1088 24488
 1089 
 1090 
 1091 
 1092 
 1093 85538
 1094 
 1095 85595
 1096 64796
 1097 37497
 1098 95997
 1099 
 1100 16695
 1101 29700
 1102 
 1103 33399
 1104 44004
 1105 18005
 1106 
 1107 
 1108 
 1109 27095
 1110 89510
 1111 67410
 1112 
 1113 23213
 1114 63514
 1115 32314
 1116 
 1117 
 1118 14027
 1119 84319
 1120 
 1121 
 1122 
 1123 
 1124 
 1125 58325
 1126 
 1127 
 1128 34928
 1129 85629
 1130 83029
 1131 83031
 1132 47932
 1133 93433
 1134 
 1135 99935
 1136 50535
 1137 99936
 1138 16738
 1139 46639
 1140 53140
 1141 37541
 1142 89537
 1143 
 1144 10244
 1145 14145
 1146 69955
 1147 84347
 1148 34948
 1149 19335
 1150 77849
 1151 81751
 1152 
 1153 
 1154 96049
 1155 21955
 1156 63556
 1157 
 1158 59658
 1159 
 1160 67460
 1161 80461
 1162 14161
 1163 60962
 1164 
 1165 
 1166 
 1167 46667
 1168 28468
 1169 31069
 1170 53170
 1171 54471
 1172 88272
 1173 
 1174 41474
 1175 37575
 1176 60976
 1177 46677
 1178 12877
 1179 99979
 1180 58379
 1181 77880
 1182 60982
 1183 20682
 1184 68779
 1185 36285
 1186 97386
 1187 96082
 1188 86983
 1189 15488
 1190 90885
 1191 62291
 1192 55792
 1193 64888
 1194 98693
 1195 99710
 1196 89591
 1197 16797
 1198 54493
 1199 79198
 1200 87000
 1201 84400
 1202 
 1203 59689
 1204 
 1205 41505
 1206 92205
 1207 40207
 1208 84378
 1209 62309
 1210 44109
 1211 
 1212 66212
 1213 
 1214 44114
 1215 48014
 1216 
 1217 68817
 1218 19417
 1219 96119
 1220 53220
 1221 72721
 1222 68822
 1223 11623
 1224 77923
 1225 16825
 1226 24626
 1227 59726
 1228 53228
 1229 97429
 1230 63629
 1231 29831
 1232 70131
 1233 77933
 1234 
 1235 24621
 1236 
 1237 64882
 1238 
 1239 32439
 1240 
 1241 
 1242 37642
 1243 85743
 1244 33730
 1245 27245
 1246 25946
 1247 42846
 1248 27248
 1249 
 1250 61050
 1251 
 1252 74047
 1253 96153
 1254 48053
 1255 71454
 1256 62356
 1257 22057
 1258 81857
 1259 89659
 1260 25930
 1261 53261
 1262 49357
 1263 13978
 1264 
 1265 
 1266 
 1267 25953
 1268 48067
 1269 63669
 1270 63670
 1271 32470
 1272 20772
 1273 84473
 1274 57169
 1275 35045
 1276 45476
 1277 29872
 1278 
 1279 71479
 1280 25980
 1281 
 1282 32097
 1283 48069
 1284 75384
 1285 31155
 1286 
 1287 57187
 1288 40288
 1289 
 1290 33790
 1291 92291
 1292 81891
 1293 15593
 1294 
 1295 18195
 1296 66295
 1297 79297
 1298 71498
 1299 90998
