    0 
    1 
    2 
    3 
    4 [56404]
    5 [18005, 70805]
    6 
    7 [88807]
    8 
    9 
   10 [70810, 88810]
   11 [57611]
   12 
   13 
   14 [48014]
   15 [28815]
   16 
   17 [92417]
   18 
   19 
   20 [46820]
   21 
   22 
   23 
   24 
   25 [16825]
   26 
   27 [81627]
   28 
   29 [51629, 63629]
   30 
   31 
   32 
   33 [45633]
   34 
   35 [40835]
   36 [51636]
   37 
   38 [24038]
   39 [32439]
   40 
   41 [50441]
   42 [74442]
   43 
   44 
   45 [84045]
   46 [45646, 67246]
   47 
   48 
   49 [45649, 25249, 34849, 96049]
   50 
   51 
   52 [46852]
   53 [85253, 48053]
   54 
   55 [24055]
   56 
   57 [88857]
   58 [99658]
   59 [93659, 84059]
   60 
   61 [80461, 43261]
   62 [38462]
   63 
   64 
   65 [87665]
   66 [52866, 12066]
   67 [25267, 48067, 60067]
   68 
   69 [63669, 48069]
   70 [99670, 63670, 32470]
   71 
   72 [66072]
   73 [61273]
   74 
   75 
   76 [67276]
   77 [44477, 58877]
   78 
   79 
   80 [88880]
   81 [54081]
   82 [96082, 64882]
   83 
   84 [37284]
   85 
   86 
   87 
   88 [64888, 68488]
   89 
   90 [62490, 70890, 27690]
   91 
   92 [16892]
   93 
   94 
   95 [44495, 86495]
   96 
   97 [79297, 56497]
   98 
   99 
  100 
  101 [43301, 72101]
  102 
  103 [30103]
  104 [56504]
  105 [15705, 36105]
  106 [93706]
  107 
  108 
  109 [76909]
  110 [37310, 99710]
  111 
  112 [46912]
  113 [68513, 13313]
  114 
  115 [16915, 40915]
  116 
  117 
  118 
  119 [96119]
  120 
  121 [63721]
  122 [10922]
  123 
  124 [84124, 69724]
  125 [88925, 22925]
  126 [26526]
  127 [42127]
  128 [34928]
  129 [12129]
  130 [33730]
  131 
  132 [31332, 55332]
  133 
  134 
  135 [50535, 19335]
  136 
  137 [12137]
  138 
  139 [63739]
  140 
  141 
  142 
  143 [93743]
  144 [92544]
  145 [88945]
  146 [86546, 32546]
  147 [70947, 73347, 58947]
  148 [67348, 34948]
  149 
  150 [69750]
  151 [81751]
  152 
  153 [96153]
  154 
  155 
  156 [14556, 67356]
  157 [27757, 57757, 86557, 49357]
  158 
  159 
  160 [26560]
  161 
  162 
  163 [42163]
  164 
  165 [78165]
  166 
  167 
  168 
  169 
  170 
  171 [39771, 46971]
  172 [57772, 28972]
  173 
  174 
  175 
  176 [54176]
  177 [37377]
  178 
  179 [86579]
  180 [21780]
  181 
  182 
  183 [82983]
  184 
  185 
  186 [97386, 27786, 86586]
  187 
  188 
  189 
  190 [69790, 33790]
  191 [40991]
  192 [73392]
  193 
  194 [25394]
  195 [18195]
  196 [14596]
  197 [54197, 76997]
  198 [84198]
  199 [22999]
  200 [37400]
  201 
  202 
  203 
  204 [15804]
  205 [24205]
  206 
  207 
  208 [14608]
  209 
  210 [14610, 67410, 61410]
  211 
  212 [66212, 33812, 13412, 53012]
  213 
  214 
  215 [80615]
  216 
  217 [19417]
  218 
  219 [63819]
  220 
  221 [48221]
  222 
  223 
  224 
  225 [75825]
  226 
  227 [73427, 31427]
  228 [95028]
  229 [59029, 97429, 83029]
  230 
  231 [83031]
  232 
  233 [39833]
  234 [38634]
  235 
  236 [47036]
  237 
  238 [15838]
  239 [84239]
  240 
  241 
  242 [71042]
  243 
  244 [99844, 86644, 12244]
  245 [33845, 77045, 35045]
  246 [38646, 21846]
  247 
  248 
  249 [65049]
  250 [13450]
  251 
  252 [45852, 41052]
  253 
  254 [55454]
  255 
  256 
  257 [81857]
  258 
  259 
  260 [67460, 60260]
  261 [87861]
  262 [44662]
  263 [62663]
  264 
  265 
  266 
  267 
  268 
  269 
  270 [80670]
  271 
  272 
  273 
  274 [56674]
  275 
  276 [42276]
  277 [53077]
  278 
  279 
  280 
  281 
  282 [20682]
  283 
  284 
  285 [13485, 36285]
  286 
  287 
  288 [61488, 96288]
  289 
  290 
  291 [25491, 81891]
  292 [54292, 78292, 57892]
  293 [92693, 98693]
  294 [57894]
  295 [30295, 60295, 66295, 63895]
  296 [71096]
  297 [37497, 25497]
  298 [39898]
  299 [92699, 61499]
  300 
  301 
  302 
  303 
  304 
  305 [78305, 75905]
  306 
  307 [56707]
  308 
  309 
  310 [89110]
  311 [48311]
  312 
  313 [38713, 95113]
  314 [43514]
  315 
  316 
  317 [51917]
  318 [74718]
  319 [84319]
  320 
  321 
  322 
  323 
  324 [54324]
  325 
  326 [69926, 18326]
  327 [93927, 90327]
  328 
  329 
  330 
  331 [65131, 45931]
  332 [50732]
  333 
  334 [14734]
  335 [99935]
  336 [99936, 74736, 65136]
  337 
  338 [32738, 86738, 35138, 85538]
  339 [47139, 45939]
  340 [53140]
  341 [73541, 37541]
  342 
  343 
  344 
  345 [62745]
  346 [75946, 57946, 92746]
  347 [84347, 33947, 13547]
  348 
  349 
  350 [41150, 26750]
  351 
  352 
  353 
  354 [80754]
  355 [21955, 89155, 69955]
  356 
  357 [14757]
  358 
  359 [11159, 39959]
  360 
  361 [65161]
  362 
  363 [96363]
  364 
  365 
  366 [78366]
  367 
  368 
  369 [14769]
  370 [53170, 87970]
  371 
  372 [20772, 75972]
  373 
  374 [27974]
  375 [37575, 75975]
  376 [73576]
  377 [49577]
  378 [84378]
  379 [99979, 68779, 35179]
  380 [18380]
  381 [35181]
  382 [56782]
  383 [92783, 42383]
  384 
  385 
  386 
  387 [65187, 74787]
  388 [65188, 87988]
  389 
  390 
  391 
  392 [17192]
  393 
  394 [62794]
  395 [85595, 12395, 59195, 66395]
  396 
  397 
  398 [25598]
  399 [63999]
  400 [76000, 84400]
  401 
  402 
  403 [50803, 26803, 90403]
  404 [29204, 11204]
  405 [90405]
  406 [82006, 28006]
  407 
  408 
  409 [83209]
  410 
  411 [49611]
  412 [41212, 40012, 44812]
  413 [23213]
  414 
  415 [55615]
  416 
  417 [68817, 35217]
  418 [20818]
  419 [95219]
  420 [53220, 42420]
  421 
  422 [68822, 19622]
  423 
  424 [13624]
  425 
  426 [46026, 52026]
  427 
  428 [53228]
  429 [85629]
  430 
  431 
  432 [90432]
  433 
  434 [80834]
  435 
  436 
  437 [60437]
  438 [88038, 82038]
  439 
  440 [97640, 58040]
  441 
  442 [97642, 64042, 37642]
  443 [24443]
  444 
  445 
  446 [59246, 24446]
  447 [71247]
  448 [35248]
  449 [61649]
  450 
  451 [89251]
  452 [89252, 47252]
  453 
  454 [78454]
  455 
  456 [12456]
  457 [22057, 50857]
  458 
  459 [79659]
  460 [78460]
  461 [53261]
  462 
  463 [77263, 61663]
  464 [28064]
  465 [72465]
  466 
  467 
  468 [14868, 52068]
  469 
  470 [10070]
  471 [54471, 66471]
  472 
  473 [84473, 44873]
  474 [59274]
  475 [11275]
  476 [55676]
  477 [76077, 10077]
  478 
  479 [14879, 78479]
  480 [82080]
  481 
  482 [32882]
  483 [82083, 42483, 26883]
  484 [42484]
  485 
  486 
  487 
  488 [24488, 65288]
  489 
  490 [72490]
  491 [47291]
  492 [52092]
  493 [88093, 54493]
  494 
  495 
  496 [11296, 36496, 32896]
  497 
  498 [62898]
  499 [72499, 14899]
  500 [42500]
  501 
  502 [82102]
  503 [73703, 62903]
  504 
  505 
  506 [56906, 98906]
  507 
  508 [48508]
  509 [66509]
  510 
  511 [61711]
  512 [12512, 84512]
  513 [91713]
  514 
  515 
  516 [67716]
  517 
  518 
  519 
  520 [19720]
  521 [53321]
  522 
  523 
  524 
  525 [13725, 72525]
  526 
  527 
  528 
  529 [79729]
  530 
  531 [89331, 95331, 70131]
  532 [52132]
  533 [44933]
  534 [59334, 31734]
  535 [98935]
  536 
  537 [79737, 30537]
  538 
  539 
  540 
  541 
  542 [82142]
  543 [85743, 25743, 91743]
  544 [67744]
  545 [37745]
  546 
  547 [31747]
  548 
  549 [44949, 90549]
  550 [68950]
  551 [46151, 91751, 80951]
  552 
  553 
  554 
  555 
  556 
  557 [11357]
  558 [37758]
  559 [66559]
  560 [46160, 47360]
  561 [12561]
  562 [32962]
  563 [78563]
  564 [84564, 94164, 92964]
  565 
  566 [43766]
  567 
  568 [10168]
  569 [42569]
  570 [16170]
  571 [88171]
  572 [28172, 64172, 78572]
  573 
  574 
  575 [18575]
  576 
  577 [34177]
  578 [31778, 19778, 42578]
  579 
  580 
  581 
  582 [88182]
  583 [95383, 86983, 44983]
  584 
  585 
  586 
  587 [54587]
  588 
  589 
  590 [68990]
  591 
  592 [17392, 55792]
  593 
  594 
  595 [44995]
  596 [77396]
  597 [59397]
  598 
  599 
  600 [87000]
  601 
  602 [48602]
  603 
  604 
  605 [81005]
  606 
  607 [40207]
  608 [95408]
  609 [12609, 42609]
  610 [31810]
  611 
  612 
  613 [84613]
  614 
  615 [63015, 22215]
  616 
  617 [91817]
  618 [42618, 29418]
  619 [49819, 75019, 54619]
  620 [81020, 12620]
  621 [24621]
  622 [82222]
  623 [90623]
  624 [83424, 51024]
  625 
  626 [24626, 65426, 76226]
  627 
  628 [42628]
  629 
  630 [42630, 94230]
  631 [43831]
  632 [82232]
  633 
  634 [97834, 89434, 83434, 96634]
  635 [39035]
  636 
  637 
  638 [85838]
  639 
  640 
  641 [22241]
  642 [78642, 23442]
  643 
  644 [10244, 33044]
  645 
  646 [95446, 90646]
  647 
  648 
  649 
  650 
  651 
  652 [31852, 11452, 13852]
  653 [17453]
  654 [71454]
  655 
  656 [69056]
  657 [71457]
  658 
  659 [95459]
  660 [53460]
  661 [89461]
  662 [21062, 66662]
  663 
  664 [64264, 22264]
  665 [21065]
  666 
  667 
  668 
  669 
  670 
  671 
  672 [88272]
  673 [59473]
  674 [41474]
  675 [19875]
  676 
  677 
  678 
  679 [70279, 71479]
  680 
  681 
  682 
  683 
  684 [78684, 85884]
  685 [78685, 73885, 54685]
  686 
  687 
  688 [40288]
  689 [53489]
  690 [49890]
  691 
  692 
  693 
  694 
  695 [99095, 27095, 69095]
  696 
  697 [16297, 35497]
  698 [71498]
  699 
  700 [36700]
  701 [45101]
  702 
  703 
  704 
  705 [64305, 85905, 41505]
  706 [33106]
  707 [30707]
  708 
  709 
  710 [89510, 40310]
  711 [67911]
  712 [18712]
  713 
  714 [48714, 79914, 82314, 15114]
  715 [34315]
  716 
  717 
  718 [47518]
  719 [15119]
  720 [59520]
  721 [72721, 34321]
  722 [35522]
  723 
  724 
  725 [58325]
  726 [55926, 75126]
  727 [87127]
  728 [91928]
  729 [61929, 90729]
  730 [25930]
  731 
  732 [39132, 95532, 97932]
  733 [96733]
  734 [18734]
  735 
  736 
  737 [89537]
  738 [47538]
  739 [85939]
  740 [93140]
  741 
  742 
  743 [36743, 93143]
  744 [67944]
  745 [91945]
  746 [25946]
  747 [54747]
  748 [91948]
  749 
  750 [93150]
  751 
  752 
  753 [25953]
  754 
  755 [54755]
  756 [17556]
  757 
  758 
  759 [65559]
  760 
  761 [51161, 96761, 22361]
  762 
  763 
  764 
  765 
  766 [63166]
  767 [70367]
  768 [37968]
  769 [95569, 57169]
  770 
  771 
  772 
  773 
  774 [17574]
  775 
  776 
  777 
  778 [70378, 13978]
  779 [58379]
  780 [25980]
  781 
  782 
  783 
  784 
  785 
  786 [39186, 48786]
  787 [57187]
  788 
  789 [37989, 65589]
  790 [53590, 81190]
  791 [89591]
  792 [35592, 41592]
  793 [45193]
  794 [37994]
  795 
  796 
  797 [19997, 17597]
  798 [46398]
  799 [81199, 91999]
  800 [84800, 88400]
  801 [80001]
  802 [88402, 84802]
  803 [34403, 77603]
  804 [44004]
  805 
  806 
  807 [66807, 45207, 84807, 24807]
  808 
  809 
  810 
  811 [72811]
  812 [45212, 39212]
  813 
  814 [94414]
  815 [26015]
  816 [22416]
  817 
  818 [95618]
  819 
  820 
  821 [24821]
  822 
  823 [11623]
  824 [39224]
  825 [86025, 64425]
  826 [99226]
  827 [93227, 14027]
  828 [98028]
  829 
  830 [26030]
  831 [54831, 93231, 18831]
  832 [53632]
  833 [14033]
  834 
  835 
  836 
  837 
  838 
  839 
  840 [47640]
  841 [22441]
  842 
  843 [72843]
  844 [72844]
  845 [27245]
  846 [42846, 34446]
  847 [57247, 74047, 36847]
  848 [27248]
  849 [68049]
  850 
  851 
  852 [15252]
  853 [93253]
  854 
  855 
  856 [80056, 14056]
  857 
  858 [59658, 48858, 51258]
  859 [89659, 99259, 81259]
  860 [14060]
  861 [72861, 41661]
  862 [70462]
  863 
  864 
  865 [81265, 36865]
  866 [30866, 50066]
  867 
  868 [28468]
  869 [83669]
  870 
  871 [65671, 18871]
  872 [88472]
  873 
  874 [63274, 39274]
  875 [24875, 26075]
  876 
  877 [12877]
  878 [62078, 38078]
  879 [95679]
  880 
  881 [14081]
  882 
  883 
  884 
  885 [90885]
  886 [35686]
  887 [32087, 45287]
  888 [48888]
  889 [22489, 71689, 59689]
  890 
  891 
  892 [90892]
  893 
  894 [64494]
  895 [78895]
  896 [46496]
  897 [94497, 39297, 32097]
  898 [80098]
  899 [58499]
  900 [72900, 29700]
  901 [57301, 66901]
  902 [36902, 24902]
  903 
  904 [35704, 78904, 47704]
  905 [96905, 74105]
  906 [51306]
  907 
  908 [39308, 33308, 48908]
  909 [44109]
  910 [16510, 36910]
  911 [78911]
  912 [80112]
  913 
  914 [44114, 58514]
  915 
  916 [39316]
  917 [63317, 69317]
  918 [56118, 71718]
  919 [77719]
  920 [96920]
  921 
  922 [71722, 96922, 26122, 95722]
  923 
  924 [30924, 26124]
  925 
  926 [59726, 88526]
  927 [62127, 51327, 15327]
  928 [93328]
  929 
  930 
  931 [82531, 65731]
  932 [54932]
  933 
  934 
  935 
  936 
  937 [30937, 56137]
  938 [56138]
  939 
  940 
  941 [39341, 21341]
  942 
  943 
  944 
  945 [14145]
  946 [98146, 72946]
  947 
  948 [21348]
  949 [16549]
  950 [71750]
  951 
  952 
  953 
  954 [95754]
  955 [86155, 17755]
  956 [83756]
  957 [83757]
  958 
  959 [96959, 56159]
  960 [26160, 54960]
  961 [14161, 23761]
  962 [47762, 60962, 95762]
  963 [52563, 72963]
  964 
  965 
  966 [21366]
  967 
  968 [99368]
  969 [38169]
  970 
  971 
  972 
  973 
  974 [47774, 69374]
  975 
  976 [82576, 60976]
  977 
  978 
  979 [89779]
  980 
  981 
  982 [60982, 65782]
  983 [58583, 71783]
  984 [32184, 75384]
  985 
  986 
  987 
  988 [99388, 98188]
  989 [36989]
  990 [83790]
  991 
  992 [82592, 18992, 96992]
  993 
  994 
  995 
  996 [69396]
  997 [33397]
  998 [90998]
  999 [33399]
 1000 [91000]
 1001 [95801]
 1002 
 1003 
 1004 [34604]
 1005 [41805, 92205]
 1006 
 1007 [88607]
 1008 [16608, 27408]
 1009 
 1010 
 1011 [21411]
 1012 [88612]
 1013 [73013]
 1014 
 1015 
 1016 [13016, 43016]
 1017 
 1018 
 1019 
 1020 [97020]
 1021 [79021]
 1022 
 1023 [25023]
 1024 [82624, 55024]
 1025 
 1026 [20226]
 1027 [68227, 19027, 28627]
 1028 [55028]
 1029 [40629]
 1030 
 1031 [64631, 88631, 29831]
 1032 [65832]
 1033 [93433]
 1034 
 1035 
 1036 
 1037 
 1038 [73038]
 1039 [46639]
 1040 [28640, 85040]
 1041 
 1042 [67042]
 1043 [71843, 40643]
 1044 
 1045 
 1046 [21446]
 1047 
 1048 
 1049 [77849, 33449]
 1050 [61050]
 1051 
 1052 [52652]
 1053 [39453]
 1054 [56254]
 1055 [25055]
 1056 [74256]
 1057 [67057, 65857]
 1058 [52658]
 1059 
 1060 [85060, 47860]
 1061 
 1062 [97062, 10662]
 1063 [55063]
 1064 
 1065 
 1066 [39466]
 1067 [46667]
 1068 
 1069 [31069, 11869, 63469]
 1070 [17870]
 1071 [47871, 13071]
 1072 [29872]
 1073 
 1074 [44274, 94674, 20274]
 1075 [17875]
 1076 [35876, 45476]
 1077 [46677, 74277]
 1078 [49078, 58678]
 1079 
 1080 [77880]
 1081 
 1082 [74282]
 1083 [74283]
 1084 
 1085 
 1086 [64686, 63486]
 1087 
 1088 [15488, 80288]
 1089 
 1090 
 1091 [62291, 92291]
 1092 
 1093 
 1094 
 1095 [16695]
 1096 [23896]
 1097 [28697]
 1098 [50298, 52698]
 1099 
 1100 [80300, 34700]
 1101 [25101]
 1102 
 1103 [57503]
 1104 
 1105 
 1106 [92306]
 1107 
 1108 [86308]
 1109 [62309, 51509]
 1110 
 1111 [25111]
 1112 [52712]
 1113 [51513]
 1114 [63514, 51514, 14314, 32314]
 1115 [87515]
 1116 
 1117 
 1118 [39518]
 1119 [55119, 45519, 98319, 75519]
 1120 
 1121 [76721]
 1122 [71922]
 1123 [28723, 55123, 77923]
 1124 [82724]
 1125 [62325]
 1126 
 1127 [38327]
 1128 
 1129 
 1130 
 1131 
 1132 [47932]
 1133 [77933, 53933]
 1134 
 1135 
 1136 
 1137 [91137]
 1138 [83938, 16738]
 1139 [14339, 59939]
 1140 
 1141 
 1142 [41942, 29942]
 1143 
 1144 
 1145 
 1146 
 1147 [37147, 35947]
 1148 [61148, 29948]
 1149 [28749, 26349]
 1150 [17950]
 1151 
 1152 
 1153 
 1154 [28754, 99554, 27554]
 1155 [80355, 31155, 83955]
 1156 [62356, 63556]
 1157 [35957]
 1158 
 1159 
 1160 
 1161 [11961]
 1162 
 1163 [89963]
 1164 [97164]
 1165 [88765]
 1166 [71966, 82766, 97166]
 1167 
 1168 
 1169 [65969]
 1170 
 1171 
 1172 
 1173 
 1174 [89974]
 1175 
 1176 [29976]
 1177 [20377]
 1178 
 1179 
 1180 
 1181 [92381, 51581]
 1182 
 1183 
 1184 
 1185 [23985]
 1186 [27586]
 1187 
 1188 [56388, 51588]
 1189 
 1190 [75590]
 1191 [92391]
 1192 
 1193 [15593]
 1194 
 1195 
 1196 [64796, 51596]
 1197 [95997, 15597, 16797, 25197]
 1198 [79198]
 1199 
