    0 [37400, 80300, 29700]
    1 [45101]
    2 
    3 [73703]
    4 [44004]
    5 [41805, 24205, 75905]
    6 
    7 
    8 
    9 
   10 [16510, 89110]
   11 
   12 [18712]
   13 
   14 [14314]
   15 
   16 
   17 [35217, 69317, 92417]
   18 [56118]
   19 [63819]
   20 
   21 
   22 [95722]
   23 
   24 [55024]
   25 [58325]
   26 
   27 [68227, 28627]
   28 [55028]
   29 [12129]
   30 
   31 [82531]
   32 [97932]
   33 [53933]
   34 [18734]
   35 
   36 
   37 [56137, 12137]
   38 [85838, 88038, 56138]
   39 [14339]
   40 [28640]
   41 
   42 
   43 
   44 [33044]
   45 [77045, 62745]
   46 [75946]
   47 [57247]
   48 [35248]
   49 [16549, 61649]
   50 
   51 
   52 
   53 
   54 [95754, 27554]
   55 [80355, 89155]
   56 
   57 [22057]
   58 
   59 [56159]
   60 [47360]
   61 
   62 [70462, 95762]
   63 [55063, 61663]
   64 
   65 [78165]
   66 [30866, 52866]
   67 
   68 
   69 [83669]
   70 
   71 
   72 [75972, 66072]
   73 [59473]
   74 [94674, 69374]
   75 [19875, 75975]
   76 [82576]
   77 [49577, 34177]
   78 
   79 [58379]
   80 
   81 
   82 
   83 [86983]
   84 [85884]
   85 
   86 [27586]
   87 
   88 [15488]
   89 
   90 
   91 
   92 [82592]
   93 [45193, 88093]
   94 [25394, 62794]
   95 [99095, 63895]
   96 [69396]
   97 [37497, 79297, 28697]
   98 
   99 
  100 [87000, 84800, 76000]
  101 [57301, 95801]
  102 [84802]
  103 
  104 
  105 [96905, 85905]
  106 [33106]
  107 [45207, 84807]
  108 [16608, 48508]
  109 [44109]
  110 
  111 [61711, 49611]
  112 [45212]
  113 [23213, 13313]
  114 [44114]
  115 
  116 [43016]
  117 
  118 
  119 [55119]
  120 [96920, 59520]
  121 [72721]
  122 [96922]
  123 [28723, 55123]
  124 [30924, 82624]
  125 
  126 [26526]
  127 [90327]
  128 [98028]
  129 
  130 
  131 [18831, 29831]
  132 [50732]
  133 
  134 [38634]
  135 [40835]
  136 
  137 [30937]
  138 
  139 [85939]
  140 
  141 [37541]
  142 [41942]
  143 
  144 [92544, 12244]
  145 
  146 [38646, 67246]
  147 
  148 
  149 [65049, 28749]
  150 
  151 [89251]
  152 [89252]
  153 
  154 [28754, 56254]
  155 [17755]
  156 [83756]
  157 [83757]
  158 
  159 [96959, 11159, 93659]
  160 [26560]
  161 [80461]
  162 [21062]
  163 
  164 
  165 [21065]
  166 
  167 
  168 
  169 
  170 [10070]
  171 [39771, 88171, 18871]
  172 [29872]
  173 
  174 
  175 [37575]
  176 [67276]
  177 [76077, 10077]
  178 
  179 
  180 
  181 [54081]
  182 [88182]
  183 
  184 
  185 [73885]
  186 
  187 [32087, 45287]
  188 
  189 [71689]
  190 [83790, 27690]
  191 [25491]
  192 [78292, 96992]
  193 [15593]
  194 
  195 [16695]
  196 [36496]
  197 [19997, 25497, 15597, 32097]
  198 [46398, 62898]
  199 [63999, 58499]
  200 
  201 
  202 [48602]
  203 [50803, 90403, 62903]
  204 [11204]
  205 [78305, 90405]
  206 [93706]
  207 
  208 
  209 
  210 
  211 [72811]
  212 [66212, 13412, 53012]
  213 [38713]
  214 [58514]
  215 [34315, 40915, 28815, 22215]
  216 
  217 [51917]
  218 [47518, 71718]
  219 [75019]
  220 [97020]
  221 [34321]
  222 [71722]
  223 
  224 [82724]
  225 [86025]
  226 [99226]
  227 [87127, 81627]
  228 
  229 
  230 
  231 [89331, 65131]
  232 [90432]
  233 [39833]
  234 
  235 
  236 [65136]
  237 
  238 [16738, 47538]
  239 
  240 
  241 [22241]
  242 [64042, 29942, 37642]
  243 [24443, 93743, 72843]
  244 [72844]
  245 
  246 [98146, 24446]
  247 
  248 [29948, 67348]
  249 
  250 [71750, 13450]
  251 
  252 
  253 
  254 
  255 
  256 [14556, 67356]
  257 [27757, 50857]
  258 [59658]
  259 [99259]
  260 
  261 [72861, 65161]
  262 [97062]
  263 [77263]
  264 [22264]
  265 
  266 [78366, 82766]
  267 
  268 [10168]
  269 [31069]
  270 [17870]
  271 
  272 [88272]
  273 
  274 [44274]
  275 [17875, 11275]
  276 [29976, 54176]
  277 [53077]
  278 
  279 
  280 
  281 
  282 
  283 [58583, 71783]
  284 [32184]
  285 [13485]
  286 [27786]
  287 [65187]
  288 [65188, 24488, 56388, 98188, 68488]
  289 [59689]
  290 
  291 [40991]
  292 [18992]
  293 [92693]
  294 
  295 [12395, 66295]
  296 [11296, 46496, 14596]
  297 [95997, 54197, 35497, 16797]
  298 [25598, 39898]
  299 [92699]
  300 [72900]
  301 
  302 
  303 [34403, 57503]
  304 [56404]
  305 [15705]
  306 
  307 
  308 [33308, 14608]
  309 
  310 [14610, 67410]
  311 
  312 
  313 [68513]
  314 [48714]
  315 [63015, 80615]
  316 
  317 
  318 
  319 [49819]
  320 
  321 
  322 [35522]
  323 
  324 
  325 [16825]
  326 [75126, 59726, 76226, 52026]
  327 [19027, 42127]
  328 
  329 [61929]
  330 
  331 
  332 [55332]
  333 
  334 [89434]
  335 
  336 
  337 
  338 [83938]
  339 
  340 [47640, 53140, 85040]
  341 
  342 [23442]
  343 [71843]
  344 [10244]
  345 [37745]
  346 [72946, 34446, 92746]
  347 [74047, 13547]
  348 
  349 [96049, 90549]
  350 [17950, 26750]
  351 [81751]
  352 [41052]
  353 
  354 [78454]
  355 [86155, 31155, 83955]
  356 [12456]
  357 [11357]
  358 [37758]
  359 [39959]
  360 [85060, 67460, 78460]
  361 [43261, 89461, 22361]
  362 
  363 [72963, 42163]
  364 [97164]
  365 
  366 [97166]
  367 
  368 [99368, 52068]
  369 
  370 [80670, 53170]
  371 
  372 [64172, 28972]
  373 
  374 
  375 
  376 [45476]
  377 
  378 [58678]
  379 [78479]
  380 
  381 
  382 [96082]
  383 [92783]
  384 
  385 
  386 [48786]
  387 
  388 [99388, 65288]
  389 
  390 [49890]
  391 
  392 [54292, 35592, 52092, 16892]
  393 
  394 
  395 [66395]
  396 [77396]
  397 [33397, 56497]
  398 
  399 [33399]
  400 [36700, 88400]
  401 [43301]
  402 [88402]
  403 [26803, 30103]
  404 [56504, 47704, 15804]
  405 [74105, 18005, 70805]
  406 
  407 
  408 
  409 
  410 [70810, 89510]
  411 [57611]
  412 [12512, 40012]
  413 [73013, 91713]
  414 [32314]
  415 [16915]
  416 [22416]
  417 
  418 
  419 [45519, 98319, 96119]
  420 [53220]
  421 [24621]
  422 [71922]
  423 [90623]
  424 [69724, 13624, 54324, 51024]
  425 
  426 [24626, 20226]
  427 [93927]
  428 [95028, 53228]
  429 
  430 
  431 
  432 [52132]
  433 
  434 [14734]
  435 
  436 
  437 [89537]
  438 [15838, 73038]
  439 [46639]
  440 
  441 [21341, 22441]
  442 
  443 [25743, 91743, 36743]
  444 
  445 [84045]
  446 [90646]
  447 
  448 [21348]
  449 [33449]
  450 [69750, 41150]
  451 [91751]
  452 [11452]
  453 [96153]
  454 [80754, 55454]
  455 
  456 
  457 [81857, 14757]
  458 [48858]
  459 [84059, 79659]
  460 
  461 [53261, 12561]
  462 [47762, 60962]
  463 [78563]
  464 [64264]
  465 
  466 [71966, 63166, 21366]
  467 [46667]
  468 
  469 [14769]
  470 
  471 [66471]
  472 [88472, 78572]
  473 
  474 [47774, 27974, 20274]
  475 
  476 [42276, 60976]
  477 [46677, 44477]
  478 [62078]
  479 
  480 
  481 
  482 [60982]
  483 [82983, 26883]
  484 
  485 
  486 [35686]
  487 
  488 [48888]
  489 [22489]
  490 [70890, 69790]
  491 [89591, 81891]
  492 
  493 
  494 
  495 [44495]
  496 
  497 
  498 
  499 
  500 
  501 
  502 
  503 
  504 [35704, 34604]
  505 [64305]
  506 [28006]
  507 
  508 [86308, 48908]
  509 [12609, 66509]
  510 
  511 [21411]
  512 [41212]
  513 [95113]
  514 
  515 
  516 
  517 [91817]
  518 
  519 
  520 [12620]
  521 [53321]
  522 
  523 
  524 [84124]
  525 [13725]
  526 [65426, 88526]
  527 [62127]
  528 
  529 [90729, 79729, 83029]
  530 
  531 [83031]
  532 [31332]
  533 [45633]
  534 [80834]
  535 [39035]
  536 
  537 [79737]
  538 
  539 [59939, 32439]
  540 
  541 
  542 [78642]
  543 
  544 
  545 
  546 [21446, 45646]
  547 [70947, 36847]
  548 
  549 [45649]
  550 [61050]
  551 
  552 
  553 [85253]
  554 [99554]
  555 
  556 [74256]
  557 [57757]
  558 
  559 [89659, 66559]
  560 [47860]
  561 [51161]
  562 
  563 
  564 [28064, 92964]
  565 [36865]
  566 [50066]
  567 
  568 [37968, 14868]
  569 
  570 [32470]
  571 [47871, 54471]
  572 [57772]
  573 
  574 [56674, 63274]
  575 
  576 
  577 [20377, 58877, 74277]
  578 
  579 [14879, 68779]
  580 
  581 
  582 [74282]
  583 [42383, 74283]
  584 [78684, 75384]
  585 [78685]
  586 [97386]
  587 
  588 [96288]
  589 [37989]
  590 
  591 
  592 
  593 [54493]
  594 [37994]
  595 [30295, 18195]
  596 
  597 
  598 [84198]
  599 [14899]
  600 [34700]
  601 [72101]
  602 [36902]
  603 [77603]
  604 [29204]
  605 
  606 [82006]
  607 [88607, 40207, 56707, 24807]
  608 
  609 
  610 [36910]
  611 
  612 [88612]
  613 
  614 [43514]
  615 [55615, 87515]
  616 [67716]
  617 [63317, 68817]
  618 
  619 [95219]
  620 [46820, 42420]
  621 [24821]
  622 [68822]
  623 [11623]
  624 
  625 [64425]
  626 [69926]
  627 [31427]
  628 [91928]
  629 [97429]
  630 [25930]
  631 [88631]
  632 [47932, 39132]
  633 
  634 
  635 [19335]
  636 
  637 
  638 [82038]
  639 [84239]
  640 
  641 
  642 [71042]
  643 
  644 [67744]
  645 [91945]
  646 [25946, 32546]
  647 [58947]
  648 [61148, 91948]
  649 
  650 
  651 [80951]
  652 [46852, 13852]
  653 [25953]
  654 
  655 [69955]
  656 
  657 
  658 [99658, 51258]
  659 [65559]
  660 [53460]
  661 [23761]
  662 [44662, 66662]
  663 [96363]
  664 [94164]
  665 
  666 
  667 [60067]
  668 
  669 
  670 [99670]
  671 
  672 [28172]
  673 
  674 
  675 [24875]
  676 [55676, 35876]
  677 
  678 [49078, 38078]
  679 [89779]
  680 [25980, 82080]
  681 
  682 [56782]
  683 [82083, 42483]
  684 [42484]
  685 [90885]
  686 [39186]
  687 [54587]
  688 [40288]
  689 [53489, 36989, 65589]
  690 
  691 [62291]
  692 [57892, 17192, 90892]
  693 
  694 [64494, 57894]
  695 [86495, 27095]
  696 [71096]
  697 
  698 
  699 [91999]
  700 [42500]
  701 
  702 [82102, 24902]
  703 
  704 
  705 [81005]
  706 [51306]
  707 
  708 
  709 [62309, 83209]
  710 [40310, 99710]
  711 
  712 [46912, 39212]
  713 
  714 [79914, 48014]
  715 [26015]
  716 
  717 [19417]
  718 
  719 [84319, 77719, 75519, 54619]
  720 [81020]
  721 
  722 
  723 
  724 [39224]
  725 [62325]
  726 [18326]
  727 [51327]
  728 
  729 [59029]
  730 [26030, 94230, 33730]
  731 [95331]
  732 
  733 
  734 
  735 
  736 
  737 
  738 
  739 
  740 [93140]
  741 
  742 [74442, 82142]
  743 [93143]
  744 
  745 
  746 [86546, 57946]
  747 [84347, 73347, 35947]
  748 
  749 [34849]
  750 [93150, 68950]
  751 
  752 [45852]
  753 [48053]
  754 
  755 
  756 [62356]
  757 [35957, 86557]
  758 
  759 
  760 
  761 
  762 [10662]
  763 
  764 
  765 [88765, 87665]
  766 
  767 [48067]
  768 
  769 [38169, 48069, 42569, 63469]
  770 [16170]
  771 [65671, 46971]
  772 
  773 [61273]
  774 [41474, 39274]
  775 [26075]
  776 
  777 [12877]
  778 [42578, 84378, 13978]
  779 [86579]
  780 [18380]
  781 
  782 
  783 [95383]
  784 
  785 [54685]
  786 [86586, 63486]
  787 
  788 
  789 
  790 [75590, 53590, 68990, 33790]
  791 
  792 [55792, 73392]
  793 [98693]
  794 
  795 [78895]
  796 [23896]
  797 [39297]
  798 [50298, 90998]
  799 
  800 [91000, 84400]
  801 [80001]
  802 
  803 
  804 [78904]
  805 [41505]
  806 [56906]
  807 [66807, 88807]
  808 [39308, 95408]
  809 [42609]
  810 [88810]
  811 [78911, 67911]
  812 [33812, 44812]
  813 
  814 [63514, 15114]
  815 
  816 [39316]
  817 
  818 [42618, 29418]
  819 [15119]
  820 
  821 [76721]
  822 [82222, 26122]
  823 [25023]
  824 [26124]
  825 
  826 
  827 [93227, 73427, 14027]
  828 [42628, 34928]
  829 
  830 [42630]
  831 [93231, 64631, 65731, 45931, 70131]
  832 [53632, 82232]
  833 [14033]
  834 
  835 
  836 [47036]
  837 [30537]
  838 [32738, 85538]
  839 [45939]
  840 [97640, 58040]
  841 [39341]
  842 [97642]
  843 
  844 [99844, 86644, 67944]
  845 [27245, 33845]
  846 [95446]
  847 [71247, 54747, 37147]
  848 [27248, 34948]
  849 [77849]
  850 
  851 
  852 
  853 [93253]
  854 
  855 [25055, 54755]
  856 [69056, 80056, 14056, 63556]
  857 [88857]
  858 
  859 [95459]
  860 [26160, 60260, 14060]
  861 
  862 
  863 [89963, 52563]
  864 
  865 
  866 [43766]
  867 
  868 
  869 [11869]
  870 
  871 
  872 
  873 [84473, 44873]
  874 [89974]
  875 
  876 
  877 
  878 
  879 
  880 [88880, 21780, 77880]
  881 [14081]
  882 [20682, 65782]
  883 
  884 
  885 [23985]
  886 [64686]
  887 
  888 
  889 
  890 [62490, 81190]
  891 
  892 [17392, 41592]
  893 
  894 
  895 [85595, 60295, 69095, 59195]
  896 
  897 [16297]
  898 [80098]
  899 [81199]
  900 
  901 [25101, 66901]
  902 
  903 
  904 
  905 [36105, 92205]
  906 
  907 
  908 
  909 [51509]
  910 [61410]
  911 [25111]
  912 [80112, 84512]
  913 [51513]
  914 [51514, 82314, 94414]
  915 
  916 [13016]
  917 
  918 
  919 
  920 
  921 [79021, 48221]
  922 [19622]
  923 [77923]
  924 [83424]
  925 [88925, 22925]
  926 [55926, 46026]
  927 [38327]
  928 [93328]
  929 [85629, 63629]
  930 
  931 [43831, 54831]
  932 [95532, 65832]
  933 [77933, 44933]
  934 [83434, 96634, 31734]
  935 [99935]
  936 [99936]
  937 [91137]
  938 [86738, 24038]
  939 [47139]
  940 
  941 [73541, 50441]
  942 
  943 
  944 
  945 [14145, 35045, 88945]
  946 [21846, 59246]
  947 [31747, 33947]
  948 
  949 [44949, 68049]
  950 
  951 
  952 [15252, 52652]
  953 [39453, 17453]
  954 
  955 [24055]
  956 
  957 [65857, 49357]
  958 [52658]
  959 [81259]
  960 
  961 [11961, 41661, 87861, 14161]
  962 
  963 
  964 [84564]
  965 [72465, 81265]
  966 [39466]
  967 
  968 [28468]
  969 [63669, 95569]
  970 [63670]
  971 [13071]
  972 [20772]
  973 
  974 [59274]
  975 [18575]
  976 [73576]
  977 
  978 [31778]
  979 [99979, 70279]
  980 
  981 [51581]
  982 [32882]
  983 [44983]
  984 [37284]
  985 
  986 
  987 
  988 [61488, 51588]
  989 
  990 [72490]
  991 [92291]
  992 
  993 
  994 
  995 [44995]
  996 [64796, 51596, 32896]
  997 [94497, 25197]
  998 [52698]
  999 [72499, 61499, 22999]
 1000 
 1001 
 1002 
 1003 
 1004 
 1005 
 1006 [98906, 92306]
 1007 [30707]
 1008 [27408]
 1009 [76909]
 1010 [37310, 31810]
 1011 [48311]
 1012 [52712]
 1013 [84613]
 1014 
 1015 
 1016 
 1017 
 1018 [74718, 20818, 95618, 39518]
 1019 
 1020 [19720]
 1021 [63721]
 1022 [10922]
 1023 
 1024 
 1025 [75825, 72525]
 1026 
 1027 [15327]
 1028 
 1029 [40629, 51629]
 1030 
 1031 
 1032 [54932]
 1033 [93433, 96733]
 1034 [59334, 97834]
 1035 [50535, 98935]
 1036 [74736, 51636]
 1037 [60437]
 1038 [35138]
 1039 [63739]
 1040 
 1041 
 1042 [67042]
 1043 [85743, 40643]
 1044 
 1045 
 1046 [42846]
 1047 
 1048 
 1049 [25249, 26349]
 1050 
 1051 [46151]
 1052 [31852, 47252]
 1053 
 1054 [71454]
 1055 [21955]
 1056 [17556]
 1057 [67057, 71457]
 1058 
 1059 
 1060 [54960, 46160]
 1061 [96761]
 1062 [38462, 32962]
 1063 [62663]
 1064 
 1065 
 1066 [12066]
 1067 [70367, 25267]
 1068 
 1069 [57169, 65969]
 1070 [87970]
 1071 
 1072 
 1073 
 1074 [17574]
 1075 
 1076 
 1077 [37377]
 1078 [70378, 19778]
 1079 [95679, 71479, 35179]
 1080 
 1081 [92381, 35181]
 1082 [64882]
 1083 
 1084 
 1085 [36285]
 1086 
 1087 [57187, 74787]
 1088 [64888, 87988, 80288]
 1089 
 1090 
 1091 [92391, 47291]
 1092 
 1093 
 1094 
 1095 
 1096 
 1097 [17597, 59397, 76997]
 1098 [71498, 79198]
 1099 
