    0 
    1 
    2 
    3 
    4 [80754]
    5 [96905, 41805, 36105, 74105]
    6 [51306]
    7 
    8 
    9 [65559, 66509]
   10 [67460]
   11 [23761]
   12 [44662]
   13 [13313]
   14 [84564, 32314]
   15 
   16 
   17 
   18 [47518]
   19 [55119, 63669]
   20 [63670, 96920, 53220, 16170]
   21 
   22 [96922]
   23 [55123, 77923]
   24 [69374]
   25 
   26 [54176]
   27 [19027, 51327]
   28 [95028, 53228]
   29 [35179]
   30 
   31 [89331, 64631, 35181]
   32 
   33 [77933, 45633]
   34 
   35 
   36 [27586]
   37 
   38 [85538, 47538]
   39 [65589]
   40 [93140]
   41 
   42 
   43 
   44 
   45 [86495, 12395, 62745, 78895]
   46 [45646, 69396]
   47 [19997, 95997, 54197, 76997, 58947]
   48 
   49 [45649]
   50 [93150, 88400]
   51 [81751]
   52 [88402, 11452, 15252]
   53 
   54 [78904]
   55 [92205]
   56 
   57 
   58 [33308, 48508]
   59 [96959, 66559]
   60 
   61 [53261, 78911]
   62 
   63 [84613]
   64 [14314]
   65 [40915]
   66 [43766]
   67 [70367, 35217]
   68 [56118]
   69 [83669]
   70 
   71 [63721]
   72 
   73 
   74 [82724]
   75 
   76 [75126]
   77 [76077, 31427, 90327]
   78 [70378, 38078]
   79 
   80 
   81 
   82 [97932]
   83 
   84 [80834]
   85 [39035]
   86 [64686]
   87 [56137]
   88 [56138, 68488]
   89 [63739, 14339, 59939, 46639]
   90 [58040]
   91 [50441]
   92 [96992, 17192]
   93 [25743]
   94 [99844, 62794]
   95 [85595, 77045]
   96 [86546, 42846]
   97 [37147]
   98 [35248]
   99 [96049]
  100 
  101 
  102 
  103 
  104 
  105 [21955]
  106 [98906, 12456]
  107 [86557]
  108 
  109 [56159]
  110 
  111 
  112 [13412, 40012]
  113 [68513, 95113]
  114 [94164, 79914]
  115 [34315, 87515]
  116 [82766]
  117 [46667]
  118 
  119 
  120 [97020]
  121 [53321, 65671, 24821, 34321]
  122 [88472]
  123 
  124 
  125 [22925]
  126 
  127 [93227, 46677, 28627, 15327]
  128 
  129 [85629, 59029, 86579]
  130 
  131 [43831, 93231]
  132 [96082]
  133 
  134 [89434]
  135 [98935]
  136 [86586]
  137 [30537]
  138 
  139 [32439]
  140 [47640, 28640]
  141 [40991, 92291]
  142 [54292, 41942]
  143 
  144 
  145 [18195]
  146 [23896]
  147 [16297, 33397]
  148 
  149 [33399]
  150 [13450]
  151 
  152 [48602]
  153 [90403, 93253]
  154 
  155 [90405]
  156 [74256, 92306, 83756]
  157 [83757, 81857]
  158 
  159 
  160 
  161 [89461]
  162 [70462, 21062, 12512, 97062, 60962, 44812]
  163 
  164 
  165 [21065]
  166 
  167 
  168 
  169 [57169, 38169, 63819, 96119]
  170 [32470]
  171 [79021]
  172 
  173 
  174 [54324]
  175 [24875]
  176 [60976, 88526]
  177 [49577, 74277]
  178 [98028]
  179 [61929]
  180 [94230]
  181 [65731]
  182 [60982, 74282, 39132, 90432]
  183 [74283]
  184 
  185 [99935, 50535, 13485, 36285]
  186 [99936]
  187 [57187]
  188 
  189 
  190 [83790]
  191 [81891]
  192 
  193 
  194 [86644]
  195 
  196 [64796]
  197 [28697, 73347]
  198 [62898]
  199 [33449]
  200 
  201 [80001, 80951]
  202 [41052, 24902]
  203 [96153, 26803, 34403, 62903]
  204 [47704, 71454, 56254]
  205 
  206 
  207 [22057, 27757, 71457]
  208 
  209 [51509]
  210 [89510]
  211 [12561]
  212 [10662]
  213 [51513]
  214 [51514]
  215 
  216 
  217 
  218 
  219 [95219]
  220 
  221 
  222 
  223 [11623, 28723]
  224 
  225 
  226 [76226]
  227 
  228 [93328]
  229 [99979, 71479]
  230 
  231 [92381]
  232 [55332, 65782]
  233 
  234 [37284]
  235 [23985]
  236 [39186, 27786]
  237 
  238 
  239 
  240 
  241 [92391]
  242 [73392]
  243 [85743]
  244 
  245 [63895]
  246 [32546, 34446]
  247 [57247, 13547]
  248 [71498]
  249 [28749]
  250 [61050, 29700, 84800]
  251 
  252 [84802, 45852]
  253 
  254 [28754]
  255 [81005]
  256 [80056]
  257 [88607, 84807]
  258 
  259 [12609]
  260 [53460, 37310]
  261 
  262 [47762, 88612, 39212]
  263 
  264 [48714, 97164]
  265 [72465, 78165, 87665]
  266 [67716, 97166, 43016]
  267 [92417]
  268 
  269 
  270 [46820, 81020, 12620]
  271 
  272 
  273 
  274 [47774, 39224]
  275 
  276 [18326, 20226]
  277 [73427]
  278 
  279 
  280 [25930]
  281 [88631, 51581]
  282 [65832]
  283 [26883]
  284 
  285 
  286 
  287 
  288 [15488, 86738, 64888, 51588, 24038]
  289 [53489]
  290 [72490]
  291 [89591]
  292 [17392]
  293 
  294 [67744]
  295 [99095, 59195]
  296 [98146, 51596, 25946]
  297 
  298 [80098]
  299 [44949, 72499, 90549]
  300 [41150]
  301 [57301]
  302 [46852]
  303 [25953]
  304 [44004]
  305 [24055]
  306 [14556, 82006]
  307 [66807, 30707, 65857, 40207]
  308 
  309 
  310 
  311 
  312 [80112]
  313 [77263, 52563]
  314 
  315 [28815, 63015]
  316 
  317 
  318 
  319 
  320 
  321 [54471]
  322 
  323 [25023]
  324 [13624, 20274]
  325 [72525]
  326 
  327 [38327, 37377, 42127]
  328 [62078]
  329 [51629]
  330 [25980, 18380]
  331 [95331, 45931]
  332 
  333 [82983, 93433, 44983]
  334 [75384]
  335 [19335]
  336 [51636, 48786]
  337 
  338 [85838, 56388, 83938, 98188, 96288]
  339 [45939]
  340 
  341 
  342 [74442]
  343 [54493]
  344 
  345 [44995]
  346 [14596, 59246]
  347 [39297, 35497]
  348 [61148]
  349 [63999]
  350 [37400]
  351 
  352 
  353 [17453]
  354 [55454]
  355 [25055]
  356 
  357 
  358 [39308, 14608]
  359 [89659]
  360 [14610, 16510]
  361 
  362 [41212, 46912]
  363 [42163]
  364 [94414]
  365 [22215, 26015]
  366 [39316]
  367 
  368 
  369 
  370 
  371 [47871]
  372 [35522]
  373 [90623]
  374 [69724, 59274]
  375 [58325]
  376 
  377 [62127]
  378 
  379 [68779, 83029]
  380 [26030, 82080]
  381 [83031, 29831]
  382 [50732]
  383 [95383, 82083]
  384 [31734]
  385 
  386 
  387 
  388 [40288]
  389 
  390 [53590]
  391 [73541, 22241, 39341]
  392 [64042, 78292]
  393 [15593]
  394 [92544]
  395 
  396 [36496, 90646]
  397 [15597, 31747]
  398 
  399 [16549]
  400 [69750]
  401 [25101, 66901]
  402 [82102]
  403 
  404 [34604]
  405 [78305, 85905]
  406 
  407 
  408 [52658, 48858, 95408]
  409 [44109]
  410 [40310, 60260]
  411 
  412 
  413 [23213, 96363]
  414 [22264, 44114]
  415 [88765]
  416 
  417 [68817, 19417]
  418 
  419 [49819, 65969]
  420 
  421 [46971]
  422 [68822, 29872]
  423 
  424 [27974]
  425 [13725, 26075]
  426 [73576, 99226, 46026]
  427 [20377]
  428 [31778]
  429 [58379]
  430 
  431 
  432 [47932, 53632]
  433 
  434 [59334]
  435 
  436 
  437 [54587]
  438 [32738, 48888]
  439 [85939, 71689]
  440 [69790, 81190]
  441 [21341]
  442 [35592, 82142]
  443 
  444 
  445 [84045, 60295]
  446 [77396, 95446]
  447 [37497, 79297, 94497, 56497]
  448 [52698, 21348]
  449 [81199, 65049]
  450 
  451 [45101]
  452 
  453 [50803]
  454 [56504]
  455 [24205]
  456 [17556, 28006]
  457 [88807]
  458 [48908, 16608]
  459 [99259, 84059, 95459]
  460 [88810]
  461 [67911, 87861]
  462 [38462, 52712]
  463 
  464 
  465 
  466 [30866, 63166, 78366, 21366]
  467 
  468 [71718]
  469 [11869, 98319, 75519]
  470 
  471 
  472 [71722, 10922, 26122, 28972]
  473 [61273]
  474 [26124, 17574]
  475 
  476 [42276]
  477 
  478 
  479 [90729, 89779]
  480 [33730]
  481 
  482 
  483 
  484 [14734]
  485 
  486 [97386, 47036]
  487 
  488 [80288]
  489 
  490 [49890, 85040]
  491 [37541]
  492 [29942]
  493 
  494 [67944]
  495 [27095]
  496 
  497 [17597, 59397]
  498 [29948]
  499 
  500 [71750, 80300, 34700]
  501 
  502 [31852]
  503 [39453, 57503]
  504 
  505 [15705, 70805]
  506 
  507 [14757, 50857, 88857]
  508 
  509 [81259]
  510 [70810, 85060, 26160]
  511 [21411, 43261, 22361]
  512 
  513 [91713]
  514 [48014, 28064]
  515 [81265, 55615]
  516 [39466]
  517 
  518 
  519 [14769]
  520 
  521 [72721]
  522 [82222, 64172, 66072]
  523 
  524 [84124, 30924]
  525 [37575, 18575, 86025]
  526 [29976]
  527 [12877]
  528 
  529 [97429]
  530 [88880]
  531 [65131]
  532 [82232, 95532]
  533 [86983, 71783]
  534 
  535 
  536 [35686, 65136]
  537 [30937]
  538 
  539 
  540 [75590, 33790]
  541 [62291]
  542 [67042]
  543 [91743, 92693, 45193]
  544 
  545 [16695]
  546 [21446]
  547 
  548 
  549 [25249, 58499, 92699]
  550 [87000, 68950]
  551 [43301, 46151, 91751]
  552 [13852]
  553 [73703, 48053]
  554 [35704, 78454]
  555 [80355]
  556 
  557 [67057, 45207]
  558 
  559 [62309, 93659, 83209]
  560 [46160, 78460]
  561 [65161, 11961]
  562 [45212, 33812]
  563 
  564 [58514]
  565 
  566 [22416]
  567 [25267, 48067]
  568 [99368]
  569 [95569, 48069]
  570 [10070, 87970]
  571 
  572 
  573 [59473]
  574 [63274, 44274]
  575 [88925, 62325]
  576 [69926, 55676]
  577 [10077]
  578 
  579 [78479]
  580 
  581 
  582 [32882]
  583 [42383]
  584 
  585 
  586 
  587 [60437, 65187]
  588 [99388, 65188, 16738, 87988]
  589 [47139]
  590 [70890, 68990]
  591 [22441]
  592 [37642]
  593 [71843]
  594 
  595 [33845, 88945]
  596 [92746]
  597 [54747]
  598 [84198]
  599 [68049]
  600 [36700]
  601 
  602 
  603 
  604 [15804]
  605 [54755]
  606 [62356, 93706]
  607 
  608 
  609 
  610 [61410]
  611 [57611, 72811]
  612 
  613 
  614 [64264, 82314]
  615 
  616 [52866]
  617 [63317, 91817, 51917]
  618 [74718, 95618, 14868]
  619 
  620 [59520]
  621 
  622 [19622, 28172]
  623 
  624 [56674, 41474, 94674]
  625 
  626 
  627 
  628 [49078]
  629 [14879]
  630 
  631 
  632 
  633 [92783, 58583]
  634 [38634]
  635 [90885]
  636 [74736]
  637 [45287]
  638 [15838, 88038]
  639 [22489, 84239]
  640 
  641 
  642 [23442, 90892]
  643 [93743, 36743]
  644 [72844]
  645 [27245]
  646 [38646]
  647 [70947, 16797]
  648 [27248]
  649 [34849, 14899]
  650 
  651 
  652 
  653 [30103, 77603]
  654 
  655 [86155, 64305, 17755, 41505]
  656 [69056]
  657 [56707]
  658 
  659 
  660 
  661 [80461, 72861]
  662 [32962, 18712, 66212]
  663 [89963]
  664 
  665 
  666 [50066, 13016, 12066]
  667 
  668 [10168]
  669 [31069]
  670 
  671 
  672 [71922, 78572]
  673 
  674 [89974, 51024]
  675 [16825]
  676 
  677 [87127]
  678 [13978]
  679 [95679]
  680 
  681 [54831]
  682 
  683 [42483]
  684 [18734, 42484, 96634]
  685 
  686 
  687 [74787]
  688 [61488, 65288]
  689 
  690 
  691 
  692 [55792]
  693 [24443, 88093]
  694 [25394]
  695 [69095, 37745]
  696 [24446]
  697 [33947]
  698 
  699 [61499, 26349]
  700 [42500, 72900]
  701 
  702 [47252]
  703 [85253]
  704 [29204]
  705 
  706 
  707 
  708 [37758]
  709 [11159]
  710 
  711 
  712 
  713 [38713]
  714 
  715 
  716 [71966]
  717 
  718 
  719 [84319]
  720 [19720]
  721 [76721, 13071]
  722 [95722]
  723 
  724 
  725 
  726 [35876, 52026]
  727 [14027]
  728 [58678, 91928, 34928]
  729 [12129, 40629]
  730 
  731 
  732 [20682, 56782]
  733 [14033, 53933]
  734 
  735 [73885]
  736 
  737 [32087, 12137]
  738 [24488]
  739 
  740 [62490, 97640]
  741 [47291]
  742 [71042, 97642, 78642, 41592, 16892]
  743 [40643]
  744 [10244, 33044]
  745 [91945, 66295]
  746 [72946, 67246]
  747 [84347, 36847, 32097]
  748 [90998, 34948, 91948]
  749 
  750 [91000]
  751 
  752 
  753 
  754 [95754, 11204, 99554]
  755 
  756 [14056]
  757 [57757]
  758 [59658]
  759 
  760 [89110, 14060]
  761 
  762 [53012, 95762]
  763 [72963]
  764 [43514]
  765 [16915, 36865]
  766 
  767 
  768 
  769 [42569, 77719, 63469]
  770 [17870]
  771 [88171]
  772 [57772]
  773 
  774 [83424]
  775 [75825, 17875, 64425]
  776 [67276]
  777 [68227, 44477]
  778 [19778, 42578, 84378]
  779 
  780 
  781 [14081, 18831]
  782 [88182, 54932]
  783 [96733]
  784 [78684, 83434]
  785 [78685]
  786 
  787 
  788 
  789 [59689]
  790 
  791 [25491]
  792 [52092]
  793 
  794 
  795 [44495]
  796 [71096]
  797 [25497, 35947]
  798 [46398]
  799 [91999]
  800 
  801 [95801]
  802 [36902]
  803 
  804 
  805 [89155]
  806 [33106]
  807 [35957]
  808 [86308, 27408]
  809 [42609, 79659]
  810 [54960, 36910, 47360]
  811 [51161, 48311, 96761, 41661]
  812 
  813 [73013]
  814 [63514]
  815 [80615]
  816 
  817 
  818 [42618]
  819 
  820 
  821 [39771, 18871]
  822 [20772]
  823 
  824 
  825 [11275]
  826 [65426, 55926, 45476, 59726]
  827 [93927, 53077]
  828 [42628]
  829 
  830 [42630]
  831 [82531]
  832 [52132]
  833 
  834 [32184]
  835 
  836 
  837 
  838 [73038]
  839 
  840 
  841 
  842 
  843 [98693]
  844 [12244, 64494]
  845 [30295, 14145, 35045]
  846 [11296]
  847 
  848 [67348]
  849 [61649]
  850 [17950]
  851 [72101]
  852 
  853 
  854 
  855 
  856 [56906, 67356]
  857 
  858 [99658]
  859 
  860 
  861 [14161]
  862 
  863 [61663]
  864 [15114]
  865 
  866 
  867 
  868 [20818]
  869 [45519, 15119]
  870 [99670, 80670]
  871 [24621]
  872 [88272]
  873 [84473]
  874 [55024]
  875 [19875]
  876 [26526, 24626, 82576]
  877 [81627]
  878 [55028]
  879 [79729]
  880 [21780]
  881 [54081]
  882 
  883 
  884 
  885 
  886 
  887 [79737, 91137]
  888 
  889 [36989]
  890 [53140]
  891 
  892 [57892, 82592]
  893 
  894 [57894]
  895 
  896 [46496, 75946]
  897 [74047]
  898 [25598, 50298]
  899 [77849]
  900 
  901 [89251]
  902 [89252]
  903 
  904 
  905 [18005]
  906 
  907 [11357, 49357]
  908 [51258]
  909 [76909]
  910 [67410, 26560, 99710]
  911 [61711]
  912 [84512]
  913 [62663, 55063]
  914 
  915 
  916 
  917 [69317]
  918 [28468, 37968]
  919 [75019]
  920 [53170]
  921 [66471]
  922 [75972]
  923 
  924 [82624]
  925 
  926 
  927 [34177, 58877]
  928 
  929 [70279, 63629]
  930 [77880]
  931 
  932 [31332]
  933 
  934 [97834]
  935 [40835]
  936 
  937 
  938 [35138]
  939 [37989]
  940 
  941 
  942 [18992]
  943 
  944 [37994]
  945 
  946 [21846, 57946]
  947 [71247]
  948 [39898]
  949 
