    0 93150
    1 
    2 76997
    3 57503
    4 91999
    5 28754
    6 98906
    7 
    8 
    9 65559
   10 95459
   11 48311
   12 60962
   13 95408
   14 
   15 72465
   16 
   17 66662
   18 37968
   19 31069
   20 42569
   21 
   22 45931
   23 44873
   24 63274
   25 64425
   26 51636
   27 62127
   28 58678
   29 42578
   30 
   31 54081
   32 60982
   33 39132
   34 22215
   35 98935
   36 35686
   37 74787
   38 56388
   39 37989
   40 72490
   41 89537
   42 29942
   43 40288
   44 37994
   45 27554
   46 75946
   47 33397
   48 29948
   49 72499
   50 33399
   51 
   52 36847
   53 65589
   54 35704
   55 24205
   56 69056
   57 88607
   58 86308
   59 42609
   60 40310
   61 67911
   62 88612
   63 
   64 96634
   65 36865
   66 43766
   67 63317
   68 42618
   69 
   70 28815
   71 16170
   72 19622
   73 20772
   74 41474
   75 72525
   76 26526
   77 93227
   78 42628
   79 89779
   80 42630
   81 93231
   82 95532
   83 44933
   84 97834
   85 
   86 39186
   87 
   88 
   89 75975
   90 47036
   91 27690
   92 78292
   93 
   94 64494
   95 84045
   96 69095
   97 37541
   98 
   99 44949
  100 61050
  101 81751
  102 47252
  103 73703
  104 34604
  105 21955
  106 78305
  107 66807
  108 67944
  109 84059
  110 41505
  111 57611
  112 39212
  113 53012
  114 32314
  115 26560
  116 36902
  117 93253
  118 20818
  119 95569
  120 87515
  121 65671
  122 
  123 11623
  124 39224
  125 
  126 54176
  127 49577
  128 94414
  129 70279
  130 76000
  131 43831
  132 55332
  133 44983
  134 96733
  135 31155
  136 88631
  137 50732
  138 
  139 59939
  140 36910
  141 47291
  142 17392
  143 13852
  144 
  145 80615
  146 44995
  147 56497
  148 54197
  149 90998
  150 91000
  151 46151
  152 
  153 85253
  154 56504
  155 71454
  156 
  157 27757
  158 71457
  159 
  160 46160
  161 96761
  162 58947
  163 75972
  164 15114
  165 
  166 78366
  167 29976
  168 95618
  169 15119
  170 80670
  171 19720
  172 51917
  173 
  174 84124
  175 18575
  176 
  177 76077
  178 93328
  179 71479
  180 37745
  181 65731
  182 53077
  183 82983
  184 
  185 25394
  186 27786
  187 97932
  188 39274
  189 36989
  190 33449
  191 25491
  192 62291
  193 41592
  194 56404
  195 99095
  196 32896
  197 94497
  198 61148
  199 68049
  200 34700
  201 66901
  202 25497
  203 50803
  204 30103
  205 92205
  206 
  207 22057
  208 39308
  209 62309
  210 47360
  211 16297
  212 81857
  213 77263
  214 23213
  215 88765
  216 39316
  217 70367
  218 
  219 38169
  220 63469
  221 
  222 48508
  223 28972
  224 
  225 62325
  226 35876
  227 12877
  228 70378
  229 95679
  230 60976
  231 83031
  232 58877
  233 19778
  234 14033
  235 
  236 64631
  237 65782
  238 
  239 32439
  240 53140
  241 81891
  242 54292
  243 83029
  244 
  245 86495
  246 39341
  247 
  248 84198
  249 
  250 63486
  251 45101
  252 39297
  253 71498
  254 80754
  255 55454
  256 62356
  257 57757
  258 88807
  259 78454
  260 88810
  261 41661
  262 50857
  263 89963
  264 63514
  265 87665
  266 70131
  267 60067
  268 38078
  269 75019
  270 53170
  271 72721
  272 57772
  273 95722
  274 89974
  275 54324
  276 52026
  277 
  278 98028
  279 78479
  280 
  281 14081
  282 31332
  283 93433
  284 32470
  285 73885
  286 64686
  287 91137
  288 
  289 84239
  290 14060
  291 92291
  292 
  293 24443
  294 17453
  295 
  296 86546
  297 42846
  298 25598
  299 
  300 26750
  301 24446
  302 48602
  303 15252
  304 95754
  305 44004
  306 96905
  307 65857
  308 35957
  309 79659
  310 
  311 17556
  312 70462
  313 18712
  314 
  315 78460
  316 
  317 10662
  318 14027
  319 52068
  320 96920
  321 53220
  322 96922
  323 61273
  324 56674
  325 19875
  326 99226
  327 76226
  328 53228
  329 86579
  330 88880
  331 69317
  332 
  333 
  334 80834
  335 18734
  336 92306
  337 86557
  338 24488
  339 
  340 
  341 86586
  342 67042
  343 45193
  344 22999
  345 14145
  346 77396
  347 37147
  348 17597
  349 34849
  350 
  351 95801
  352 35947
  353 26803
  354 39453
  355 
  356 82006
  357 67057
  358 45207
  359 96959
  360 99259
  361 53261
  362 72811
  363 45212
  364 78563
  365 21065
  366 14161
  367 21062
  368 47518
  369 84319
  370 11869
  371 13016
  372 52092
  373 65832
  374 49819
  375 88925
  376 75126
  377 68227
  378 38327
  379 40629
  380 59029
  381 92381
  382 52132
  383 
  384 79729
  385 33730
  386 78572
  387 79737
  388 94674
  389 71689
  390 62490
  391 92391
  392 57892
  393 63629
  394 86644
  395 30295
  396 98146
  397 64796
  398 46398
  399 72844
  400 88945
  401 32546
  402 84347
  403 95762
  404 27974
  405 41805
  406 96992
  407 31427
  408 57894
  409 44109
  410 16510
  411 72861
  412 56707
  413 
  414 22264
  415 48714
  416 55615
  417 92417
  418 71718
  419 63669
  420 63670
  421 53321
  422 71722
  423 83209
  424 65969
  425 97020
  426 54471
  427 90892
  428 44114
  429 51024
  430 82080
  431 18831
  432 56782
  433 82083
  434 26883
  435 13071
  436 28006
  437 45287
  438 98188
  439 85538
  440 49890
  441 33790
  442 78642
  443 25743
  444 54493
  445 
  446 22241
  447 19997
  448 74047
  449 16549
  450 71750
  451 72900
  452 82102
  453 34948
  454 29204
  455 36105
  456 23442
  457 39466
  458 34928
  459 
  460 14056
  461 11961
  462 33812
  463 97062
  464 17574
  465 80951
  466 87861
  467 39898
  468 99368
  469 28064
  470 
  471 63721
  472 24621
  473 39518
  474 60260
  475 
  476 24626
  477 55676
  478 
  479 47538
  480 43016
  481 
  482 64882
  483 84378
  484 78684
  485 78685
  486 48786
  487 69396
  488 99388
  489 63739
  490 47640
  491 
  492 82142
  493 86738
  494 
  495 85595
  496 33845
  497 72946
  498 37284
  499 75384
  500 60295
  501 46496
  502 64888
  503 
  504 
  505 81005
  506 74105
  507 
  508 16608
  509 93659
  510 37310
  511 88857
  512 38462
  513 72963
  514 14314
  515 61410
  516 22361
  517 15327
  518 
  519 17755
  520 81020
  521 
  522 66072
  523 84473
  524 
  525 
  526 18871
  527 
  528 82038
  529 85629
  530 
  531 
  532 46026
  533 40643
  534 
  535 
  536 
  537 54587
  538 61488
  539 14339
  540 58040
  541 90885
  542 41942
  543 71843
  544 92544
  545 35045
  546 67246
  547 95997
  548 
  549 61499
  550 59195
  551 
  552 32738
  553 77603
  554 47704
  555 
  556 56906
  557 93706
  558 48858
  559 
  560 53460
  561 51161
  562 84512
  563 62663
  564 79914
  565 97164
  566 22416
  567 12066
  568 73013
  569 98319
  570 63819
  571 87970
  572 82222
  573 28172
  574 44274
  575 83955
  576 67276
  577 10922
  578 37377
  579 
  580 97166
  581 
  582 82232
  583 54619
  584 
  585 40835
  586 57946
  587 
  588 73038
  589 53489
  590 89110
  591 22441
  592 55792
  593 93743
  594 
  595 16695
  596 59246
  597 18992
  598 33947
  599 96049
  600 37400
  601 
  602 48888
  603 
  604 
  605 89155
  606 
  607 
  608 48908
  609 
  610 
  611 
  612 47762
  613 
  614 84564
  615 
  616 50066
  617 24902
  618 87988
  619 
  620 17870
  621 
  622 71922
  623 71783
  624 47774
  625 17875
  626 45476
  627 19027
  628 90327
  629 12129
  630 25930
  631 
  632 96082
  633 
  634 83434
  635 36285
  636 54685
  637 60437
  638 88038
  639 22489
  640 46639
  641 21341
  642 30537
  643 85743
  644 15593
  645 27095
  646 25946
  647 15597
  648 67348
  649 65049
  650 63895
  651 80001
  652 16738
  653 25953
  654 59274
  655 70805
  656 74256
  657 67356
  658 51258
  659 62745
  660 70810
  661 
  662 66212
  663 68513
  664 84613
  665 40915
  666 71966
  667 46667
  668 13313
  669 45519
  670 77719
  671 39771
  672 24821
  673 29418
  674 96119
  675 
  676 20226
  677 46677
  678 82314
  679 83424
  680 25980
  681 35181
  682 74282
  683 74283
  684 59334
  685 38634
  686 
  687 32882
  688 
  689 31734
  690 53590
  691 81190
  692 12137
  693 92693
  694 88093
  695 62794
  696 38646
  697 37497
  698 54747
  699 81199
  700 17950
  701 89251
  702 89252
  703 96153
  704 78904
  705 54755
  706 51306
  707 80056
  708 90403
  709 78895
  710 67410
  711 21411
  712 78911
  713 61663
  714 
  715 26015
  716 43261
  717 35217
  718 
  719 90405
  720 69374
  721 47871
  722 
  723 
  724 69724
  725 24875
  726 55926
  727 51327
  728 95028
  729 31778
  730 26030
  731 65131
  732 53632
  733 86983
  734 35179
  735 84400
  736 65136
  737 90432
  738 85838
  739 16825
  740 70890
  741 40991
  742 15488
  743 
  744 12244
  745 66295
  746 21446
  747 59397
  748 35248
  749 63999
  750 69750
  751 43301
  752 31747
  753 80098
  754 61649
  755 15705
  756 14556
  757 42127
  758 99658
  759 81259
  760 67460
  761 65161
  762 61711
  763 32962
  764 87000
  765 81265
  766 23761
  767 13412
  768 74277
  769 18005
  770 99670
  771 88171
  772 
  773 
  774 75519
  775 37575
  776 26075
  777 93927
  778 49078
  779 20274
  780 
  781 89331
  782 47932
  783 92783
  784 45633
  785 85884
  786 54831
  787 88182
  788 65188
  789 
  790 69790
  791 97386
  792 64042
  793 38713
  794 99554
  795 27245
  796 44495
  797 45646
  798 27248
  799 45649
  800 13450
  801 72101
  802 31852
  803 41052
  804 77849
  805 85905
  806 21366
  807 30707
  808 14608
  809 11159
  810 14610
  811 70947
  812 62898
  813 52563
  814 95113
  815 16915
  816 
  817 80112
  818 42163
  819 57169
  820 46820
  821 79021
  822 76721
  823 59473
  824 99710
  825 26124
  826 14596
  827 20377
  828 34177
  829 97429
  830 77880
  831 
  832 44477
  833 62903
  834 
  835 13485
  836 26122
  837 57187
  838 96288
  839 85939
  840 75590
  841 
  842 65187
  843 74442
  844 33044
  845 66395
  846 36496
  847 16892
  848 50298
  849 90549
  850 84800
  851 31810
  852 84802
  853 46852
  854 15804
  855 11204
  856 37642
  857 84807
  858 
  859 39959
  860 26160
  861 24807
  862 
  863 91713
  864 48014
  865 
  866 
  867 
  868 28468
  869 83669
  870 10070
  871 59520
  872 88272
  873 25023
  874 77923
  875 
  876 42276
  877 87127
  878 10077
  879 58379
  880 58325
  881 82531
  882 54932
  883 77933
  884 89434
  885 
  886 92746
  887 
  888 15838
  889 65288
  890 
  891 
  892 71042
  893 91743
  894 
  895 12395
  896 23896
  897 57247
  898 73347
  899 72843
  900 41150
  901 91751
  902 13547
  903 48053
  904 
  905 25055
  906 33106
  907 52652
  908 52658
  909 51509
  910 54960
  911 89461
  912 46912
  913 96363
  914 51514
  915 63015
  916 
  917 48067
  918 56118
  919 95219
  920 48069
  921 66471
  922 64172
  923 90623
  924 
  925 86025
  926 69926
  927 51513
  928 
  929 68779
  930 11275
  931 82576
  932 
  933 21348
  934 14734
  935 19335
  936 
  937 56137
  938 56138
  939 80288
  940 
  941 
  942 73392
  943 82592
  944 99844
  945 18195
  946 11296
  947 71096
  948 98693
  949 52698
  950 80300
  951 57301
  952 25101
  953 
  954 
  955 29700
  956 12456
  957 83757
  958 37758
  959 56159
  960 89510
  961 83756
  962 41212
  963 52712
  964 66509
  965 34315
  966 30866
  967 91817
  968 10168
  969 43514
  970 14769
  971 46971
  972 68822
  973 
  974 13624
  975 82624
  976 34321
  977 73427
  978 55028
  979 61929
  980 49611
  981 68817
  982 16797
  983 42383
  984 92699
  985 23985
  986 51581
  987 14757
  988 55024
  989 51588
  990 83790
  991 50441
  992 44662
  993 
  994 92964
  995 47860
  996 51596
  997 13978
  998 35497
  999 58499
 1000 88400
 1001 90646
 1002 88402
 1003 45852
 1004 
 1005 80355
 1006 
 1007 11357
 1008 59658
 1009 76909
 1010 66559
 1011 
 1012 12512
 1013 55063
 1014 64264
 1015 94164
 1016 67716
 1017 19417
 1018 39833
 1019 58514
 1020 75905
 1021 42420
 1022 35522
 1023 35138
 1024 30924
 1025 
 1026 65426
 1027 28627
 1028 79198
 1029 90729
 1030 51629
 1031 95331
 1032 
 1033 53933
 1034 
 1035 99935
 1036 99936
 1037 32087
 1038 30937
 1039 59689
 1040 28640
 1041 89591
 1042 97642
 1043 24038
 1044 10244
 1045 67744
 1046 69955
 1047 32097
 1048 25197
 1049 27408
 1050 36700
 1051 25111
 1052 40012
 1053 34403
 1054 97640
 1055 86155
 1056 24055
 1057 49357
 1058 
 1059 56254
 1060 64305
 1061 12561
 1062 
 1063 26349
 1064 
 1065 
 1066 63166
 1067 
 1068 14868
 1069 55119
 1070 
 1071 48221
 1072 88472
 1073 55123
 1074 82724
 1075 13725
 1076 75825
 1077 18326
 1078 91928
 1079 99979
 1080 14879
 1081 59726
 1082 29831
 1083 95383
 1084 42484
 1085 50535
 1086 39035
 1087 
 1088 58583
 1089 45939
 1090 85040
 1091 73541
 1092 35592
 1093 36743
 1094 94230
 1095 91945
 1096 34446
 1097 71247
 1098 79297
 1099 25249
 1100 42500
 1101 68950
 1102 28697
 1103 11452
 1104 14899
 1105 22925
 1106 17192
 1107 40207
 1108 33308
 1109 12609
 1110 85060
 1111 80461
 1112 91948
 1113 42483
 1114 89659
 1115 78165
 1116 52866
 1117 25267
 1118 74718
 1119 
 1120 12620
 1121 82766
 1122 29872
 1123 28723
 1124 
 1125 63556
 1126 73576
 1127 81627
 1128 62078
 1129 
 1130 18380
 1131 88526
 1132 20682
 1133 
 1134 32184
 1135 21780
 1136 74736
 1137 27586
 1138 83938
 1139 47139
 1140 68990
 1141 93140
 1142 44812
 1143 93143
 1144 68488
 1145 77045
 1146 95446
 1147 21846
 1148 
 1149 28749
