    0 91000
    1 80001
    2 76997
    3 90998
    4 44004
    5 81005
    6 82006
    7 28006
    8 13978
    9 83955
   10 18005
   11 24902
   12 53012
   13 73013
   14 87000
   15 48014
   16 63015
   17 13016
   18 87988
   19 75019
   20 97020
   21 79021
   22 45931
   23 25023
   24 51024
   25 86025
   26 46026
   27 19027
   28 95028
   29 55028
   30 26030
   31 83031
   32 14027
   33 14033
   34 59029
   35 39035
   36 47036
   37 75946
   38 88038
   39 73038
   40 52026
   41 85040
   42 71042
   43 64042
   44 33044
   45 77045
   46 84045
   47 74047
   48 89537
   49 65049
   50 68049
   51 61050
   52 41052
   53 48053
   54 91999
   55 25055
   56 24055
   57 22057
   58 67057
   59 35045
   60 85060
   61 69056
   62 21062
   63 55063
   64 84059
   65 21065
   66 50066
   67 97062
   68 48067
   69 31069
   70 10070
   71 12066
   72 67042
   73 66072
   74 48069
   75 26075
   76 13071
   77 76077
   78 49078
   79 96049
   80 82080
   81 14081
   82 54081
   83 82083
   84 92699
   85 31155
   86 80056
   87 32087
   88 91948
   89 90885
   90 14060
   91 10077
   92 52092
   93 88093
   94 28064
   95 99095
   96 27095
   97 71096
   98 80098
   99 39959
  100 69095
  101 72101
  102 82102
  103 30103
  104 92964
  105 36105
  106 74105
  107 33106
  108 62078
  109 44109
  110 89110
  111 14056
  112 80112
  113 95113
  114 44114
  115 25101
  116 60976
  117 
  118 56118
  119 55119
  120 15119
  121 80615
  122 26122
  123 55123
  124 84124
  125 26124
  126 75126
  127 62127
  128 87127
  129 12129
  130 37745
  131 65131
  132 52132
  133 39132
  134 44933
  135 26750
  136 65136
  137 56137
  138 56138
  139 35138
  140 53140
  141 42127
  142 91137
  143 45939
  144 15114
  145 14145
  146 98146
  147 37147
  148 61148
  149 96119
  150 93150
  151 46151
  152 40012
  153 96153
  154 93140
  155 86155
  156 89155
  157 39833
  158 60067
  159 11159
  160 26160
  161 51161
  162 65161
  163 42163
  164 94164
  165 46160
  166 63166
  167 12137
  168 10168
  169 57169
  170 53170
  171 88171
  172 28172
  173 64172
  174 38169
  175 14161
  176 54176
  177 34177
  178 97164
  179 78165
  180 41150
  181 35181
  182 88182
  183 91713
  184 16170
  185 32184
  186 39186
  187 65187
  188 65188
  189 98188
  190 81190
  191 54685
  192 57187
  193 45193
  194 47139
  195 18195
  196 95762
  197 54197
  198 84198
  199 81199
  200 59195
  201 27690
  202 60962
  203 90892
  204 29204
  205 92205
  206 24205
  207 45207
  208 40207
  209 11204
  210 83209
  211 35497
  212 41212
  213 23213
  214 56159
  215 22215
  216 59397
  217 45212
  218 35217
  219 95219
  220 53220
  221 26015
  222 82222
  223 56404
  224 39224
  225 58325
  226 99226
  227 68227
  228 93227
  229 53228
  230 94230
  231 93231
  232 82232
  233 82142
  234 35179
  235 48221
  236 56707
  237 13852
  238 38713
  239 84239
  240 20226
  241 22241
  242 66212
  243 54932
  244 10244
  245 27245
  246 67246
  247 71247
  248 27248
  249 25249
  250 28754
  251 89251
  252 57247
  253 85253
  254 93253
  255 78460
  256 74256
  257 89252
  258 12244
  259 99259
  260 81259
  261 53261
  262 35248
  263 77263
  264 64264
  265 22264
  266 81265
  267 39212
  268 25267
  269 83029
  270 23985
  271 58947
  272 88272
  273 61273
  274 63274
  275 44274
  276 42276
  277 67276
  278 74277
  279 70279
  280 11275
  281 76226
  282 74282
  283 74283
  284 37284
  285 36285
  286 96082
  287 45287
  288 59274
  289 65288
  290 60260
  291 62291
  292 54292
  293 78292
  294 78563
  295 30295
  296 11296
  297 79297
  298 16297
  299 50298
  300 60295
  301 43301
  302 57301
  303 80288
  304 20274
  305 78305
  306 64305
  307 51306
  308 39308
  309 62309
  310 37310
  311 48311
  312 66662
  313 86308
  314 13313
  315 34315
  316 39316
  317 63317
  318 96288
  319 84319
  320 98319
  321 53321
  322 33308
  323 24038
  324 54324
  325 66295
  326 18326
  327 51327
  328 82314
  329 93328
  330 80300
  331 89331
  332 31332
  333 55332
  334 59334
  335 19335
  336 95331
  337 59246
  338 75519
  339 14339
  340 40310
  341 38327
  342 39341
  343 15252
  344 14314
  345 56254
  346 92291
  347 84347
  348 73347
  349 67348
  350 26349
  351 34321
  352 39297
  353 21348
  354 
  355 80355
  356 62356
  357 11357
  358 49357
  359 27974
  360 47360
  361 67356
  362 53077
  363 96363
  364 22999
  365 39274
  366 78366
  367 70367
  368 99368
  369 32314
  370 97166
  371 21366
  372 69317
  373 27554
  374 69374
  375 22361
  376 51581
  377 20377
  378 70378
  379 58379
  380 18380
  381 92381
  382 90327
  383 95383
  384 42383
  385 75384
  386 97386
  387 
  388 99388
  389 56388
  390 85884
  391 92391
  392 17392
  393 73392
  394 25394
  395 12395
  396 77396
  397 33397
  398 46398
  399 33399
  400 37400
  401 43261
  402 88402
  403 90403
  404 34403
  405 90405
  406 83756
  407 37377
  408 27408
  409 55024
  410 67410
  411 21411
  412 13412
  413 95408
  414 94414
  415 61410
  416 22416
  417 19417
  418 15327
  419 14769
  420 84400
  421 22925
  422 92417
  423 82038
  424 83424
  425 64425
  426 65426
  427 73427
  428 31427
  429 97429
  430 88400
  431 47291
  432 90432
  433 93433
  434 89434
  435 83434
  436 25197
  437 60437
  438 40643
  439 32439
  440 54619
  441 50441
  442 23442
  443 24443
  444 42420
  445 75975
  446 21446
  447 95446
  448 39518
  449 33449
  450 13450
  451 34446
  452 11452
  453 39453
  454 55454
  455 71454
  456 47252
  457 12456
  458 17453
  459 78454
  460 53460
  461 80461
  462 70462
  463 38462
  464 95459
  465 72465
  466 89461
  467 39466
  468 28468
  469 84378
  470 32470
  471 54471
  472 88472
  473 59473
  474 67460
  475 41474
  476 45476
  477 44477
  478 84473
  479 78479
  480 71479
  481 21341
  482 32097
  483 42483
  484 42484
  485 13485
  486 45101
  487 71457
  488 24488
  489 53489
  490 62490
  491 25491
  492 40288
  493 61488
  494 22489
  495 44495
  496 86495
  497 37497
  498 94497
  499 72499
  500 42500
  501 36496
  502 25497
  503 71498
  504 56504
  505 41505
  506 76000
  507 88857
  508 64494
  509 51509
  510 89510
  511 56497
  512 12512
  513 68513
  514 63514
  515 51514
  516 81020
  517 57503
  518 47518
  519 45519
  520 72490
  521 59520
  522 35522
  523 66509
  524 16510
  525 72525
  526 26526
  527 51513
  528 58514
  529 58499
  530 77880
  531 82531
  532 95532
  533 74442
  534 98028
  535 50535
  536 69396
  537 30537
  538 48508
  539 85538
  540 88526
  541 73541
  542 84512
  543 15488
  544 92544
  545 87515
  546 86546
  547 13547
  548 54493
  549 16549
  550 90549
  551 46496
  552 47538
  553 14734
  554 61499
  555 37541
  556 14556
  557 86557
  558 44873
  559 65559
  560 26560
  561 17556
  562 66471
  563 52563
  564 84564
  565 62325
  566 12561
  567 65782
  568 99554
  569 95569
  570 42569
  571 70131
  572 71922
  573 66559
  574 17574
  575 37575
  576 73576
  577 49577
  578 42578
  579 86579
  580 18575
  581 82576
  582 51258
  583 58583
  584 38078
  585 31810
  586 27586
  587 54587
  588 51588
  589 65589
  590 75590
  591 53590
  592 35592
  593 15593
  594 52068
  595 85595
  596 51596
  597 15597
  598 25598
  599 66395
  600 86586
  601 14596
  602 48602
  603 77603
  604 34604
  605 89591
  606 82592
  607 88607
  608 14608
  609 12609
  610 42609
  611 57611
  612 88612
  613 84613
  614 69955
  615 14610
  616 55615
  617 17192
  618 42618
  619 95618
  620 12620
  621 24621
  622 19622
  623 90623
  624 11623
  625 13624
  626 24626
  627 28627
  628 42628
  629 85629
  630 42630
  631 64631
  632 53632
  633 45633
  634 40629
  635 38634
  636 51636
  637 32546
  638 82624
  639 46639
  640 47640
  641 28640
  642 97642
  643 78642
  644 86644
  645 88631
  646 38646
  647 45646
  648 96634
  649 45649
  650 61649
  651 90646
  652 17597
  653 52652
  654 97640
  655 47860
  656 37642
  657 81627
  658 52658
  659 89659
  660 93659
  661 41661
  662 44662
  663 62663
  664 61663
  665 87665
  666 43016
  667 46667
  668 79198
  669 83669
  670 99670
  671 63670
  672 65671
  673 59658
  674 56674
  675 80670
  676 55676
  677 46677
  678 58678
  679 95679
  680 87861
  681 22441
  682 20682
  683 63669
  684 78684
  685 78685
  686 64686
  687 35686
  688 99658
  689 71689
  690 58040
  691 92306
  692 10662
  693 92693
  694 98693
  695 16695
  696 66901
  697 28697
  698 52698
  699 16608
  700 36700
  701 29700
  702 49611
  703 73703
  704 35704
  705 15705
  706 93706
  707 30707
  708 77923
  709 47704
  710 99710
  711 61711
  712 18712
  713 52712
  714 48714
  715 32896
  716 67716
  717 39898
  718 74718
  719 71718
  720 51629
  721 72721
  722 63721
  723 71722
  724 69724
  725 13725
  726 76721
  727 59726
  728 28723
  729 90729
  730 79729
  731 65731
  732 41592
  733 77719
  734 18734
  735 33730
  736 74736
  737 79737
  738 16738
  739 63739
  740 25111
  741 57946
  742 35947
  743 85743
  744 25743
  745 67744
  746 62745
  747 54747
  748 93743
  749 28749
  750 71750
  751 91751
  752 32738
  753 72843
  754 95754
  755 80754
  756 17755
  757 27757
  758 83757
  759 37758
  760 54755
  761 31747
  762 47762
  763 96733
  764 69750
  765 88765
  766 43766
  767 82766
  768 86738
  769 63629
  770 24446
  771 39771
  772 20772
  773 91743
  774 47774
  775 96761
  776 78572
  777 57772
  778 31778
  779 19778
  780 68779
  781 81751
  782 56782
  783 92783
  784 89779
  785 21780
  786 48786
  787 14757
  788 74787
  789 31734
  790 83790
  791 69790
  792 55792
  793 93143
  794 62794
  795 33790
  796 64796
  797 16797
  798 36743
  799 43514
  800 27786
  801 95801
  802 84802
  803 50803
  804 26803
  805 41805
  806 70805
  807 66807
  808 88807
  809 15804
  810 70810
  811 72811
  812 33812
  813 95722
  814 94674
  815 88810
  816 28815
  817 91817
  818 20818
  819 49819
  820 46820
  821 24821
  822 68822
  823 50732
  824 63819
  825 75825
  826 16825
  827 
  828 24807
  829 59689
  830 84800
  831 43831
  832 54831
  833 65832
  834 80834
  835 97834
  836 18831
  837 84807
  838 15838
  839 85838
  840 40835
  841 63556
  842 44812
  843 71843
  844 99844
  845 33845
  846 42846
  847 68817
  848 57757
  849 34849
  850 77849
  851 21846
  852 46852
  853 31852
  854 63469
  855 92746
  856 63486
  857 81857
  858 72844
  859 48858
  860 19720
  861 72861
  862 65857
  863 79659
  864 82724
  865 36865
  866 30866
  867 52866
  868 14868
  869 11869
  870 17870
  871 47871
  872 18871
  873 29872
  874 71783
  875 19875
  876 17875
  877 12877
  878 58877
  879 14879
  880 24875
  881 88880
  882 45852
  883 68488
  884 26883
  885 73885
  886 29831
  887 50857
  888 64888
  889 48888
  890 70890
  891 81891
  892 57892
  893 16892
  894 57894
  895 63895
  896 23896
  897 32882
  898 62898
  899 14899
  900 72900
  901 23761
  902 36847
  903 36902
  904 78904
  905 96905
  906 56906
  907 98906
  908 48908
  909 76909
  910 85905
  911 78911
  912 46912
  913 29418
  914 79914
  915 16915
  916 40915
  917 62903
  918 51917
  919 75905
  920 96920
  921 64882
  922 10922
  923 96922
  924 30924
  925 88925
  926 69926
  927 93927
  928 91928
  929 61929
  930 25930
  931 55926
  932 47932
  933 77933
  934 53933
  935 99935
  936 99936
  937 30937
  938 83938
  939 59939
  940 98935
  941 67911
  942 41942
  943 29942
  944 67944
  945 91945
  946 25946
  947 72946
  948 29948
  949 44949
  950 17950
  951 68950
  952 70947
  953 85939
  954 25953
  955 21955
  956 80951
  957 35957
  958 34928
  959 96959
  960 54960
  961 11961
  962 32962
  963 89963
  964 72963
  965 36910
  966 71966
  967 35876
  968 37968
  969 65969
  970 87970
  971 46971
  972 75972
  973 28972
  974 89974
  975 88945
  976 29976
  977 33947
  978 34948
  979 99979
  980 25980
  981 49890
  982 60982
  983 82983
  984 86983
  985 34700
  986 78895
  987 97932
  988 44983
  989 37989
  990 36989
  991 40991
  992 18992
  993 96992
  994 37994
  995 68990
  996 44995
  997 19997
  998 95997
  999 63999
