    0 
    1 [89251]
    2 [89252, 47252]
    3 
    4 [35704]
    5 
    6 
    7 [22057, 57757, 49357, 56707]
    8 
    9 [12609, 44109]
   10 [85060]
   11 [48311]
   12 
   13 
   14 [44114]
   15 [72465, 63015]
   16 
   17 [70367, 69317, 92417]
   18 [29418]
   19 [95569, 77719, 54619]
   20 [17870, 12620]
   21 
   22 [57772]
   23 
   24 
   25 [17875, 16825]
   26 [55676]
   27 [90327]
   28 [70378]
   29 
   30 
   31 [65131]
   32 
   33 [82983]
   34 [96634, 14734]
   35 
   36 [65136]
   37 
   38 
   39 
   40 [72490, 53590]
   41 [73541, 40991, 50441, 47291]
   42 
   43 [45193]
   44 
   45 [84045]
   46 [67246]
   47 [19997]
   48 
   49 [72499, 25249]
   50 [34700]
   51 
   52 
   53 
   54 [15804, 71454]
   55 [86155, 24205]
   56 
   57 [45207, 14757, 71457]
   58 
   59 [51509, 84059, 39959]
   60 
   61 [65161]
   62 [45212, 66212, 21062, 60962]
   63 [52563, 51513]
   64 [51514]
   65 [21065]
   66 
   67 [25267]
   68 [95618]
   69 [14769]
   70 
   71 [76721]
   72 [88272]
   73 [11623]
   74 [69374]
   75 [13725, 72525]
   76 [73576, 67276, 60976]
   77 [58877]
   78 
   79 [71479, 83029]
   80 
   81 [89331, 83031]
   82 [60982, 56782, 53632]
   83 
   84 
   85 [54685]
   86 
   87 [30537, 65187]
   88 [15838, 65188]
   89 [59939]
   90 
   91 
   92 [18992, 16892]
   93 
   94 [99844]
   95 
   96 [69396]
   97 [36847]
   98 [71498]
   99 [26349]
  100 [17950]
  101 [80951]
  102 [41052]
  103 [90403]
  104 
  105 [90405]
  106 [82006]
  107 
  108 [27408]
  109 
  110 [47360]
  111 
  112 [70462, 40012]
  113 [23213]
  114 [79914]
  115 [16915, 36865]
  116 
  117 
  118 [28468]
  119 
  120 
  121 
  122 [64172]
  123 
  124 [84124]
  125 
  126 
  127 [19027, 42127]
  128 [62078]
  129 [95679]
  130 [33730]
  131 [51581]
  132 [90432]
  133 [96733]
  134 
  135 [50535]
  136 
  137 [45287]
  138 [51588, 82038]
  139 
  140 
  141 
  142 [55792, 57892]
  143 
  144 [92544, 57894]
  145 [66295, 78895]
  146 [51596]
  147 [54747, 58947]
  148 [67348]
  149 [77849]
  150 [61050]
  151 
  152 [36902, 52652]
  153 
  154 [78904]
  155 [81005, 18005, 54755]
  156 [67356]
  157 
  158 [52658]
  159 
  160 [36910]
  161 [78911, 96761]
  162 [10662]
  163 [42163]
  164 
  165 [22215]
  166 [63166]
  167 
  168 [74718, 37968, 14868]
  169 
  170 [81020]
  171 
  172 [95722]
  173 
  174 [44274, 94674]
  175 
  176 [35876]
  177 [62127]
  178 
  179 [14879, 51629]
  180 [82080, 77880]
  181 
  182 
  183 [82083]
  184 [97834, 89434]
  185 [99935, 39035]
  186 [99936, 74736, 51636]
  187 
  188 [65288, 32738]
  189 [37989]
  190 [33790]
  191 [22241]
  192 
  193 
  194 [37994, 25394]
  195 
  196 [57946]
  197 
  198 [46398, 84198, 52698]
  199 [34849, 14899]
  200 [41150, 88400]
  201 [80001]
  202 [88402, 82102, 13852]
  203 [73703, 85253]
  204 [95754]
  205 
  206 [56906, 98906]
  207 
  208 [86308, 48508]
  209 [93659]
  210 [67410]
  211 [43261, 89461]
  212 [33812, 52712, 95762]
  213 
  214 [64264, 22264]
  215 
  216 
  217 [60067]
  218 
  219 
  220 
  221 
  222 
  223 [77923]
  224 
  225 [75825]
  226 
  227 [49577]
  228 
  229 [99979, 59029]
  230 
  231 [54831]
  232 
  233 [77933]
  234 [31734]
  235 [98935]
  236 
  237 [74787]
  238 [68488]
  239 [36989, 84239]
  240 
  241 
  242 [82142]
  243 
  244 
  245 [33845, 66395]
  246 
  247 [31747, 35947]
  248 [61148]
  249 [90549]
  250 
  251 [43301, 95801]
  252 
  253 
  254 [27554]
  255 [64305]
  256 [80056, 93706]
  257 [30707, 35957]
  258 
  259 [76909, 83209]
  260 [89510, 67460]
  261 [49611]
  262 [41212]
  263 [68513]
  264 
  265 
  266 
  267 
  268 [47518]
  269 
  270 
  271 [72721, 79021]
  272 [88472]
  273 
  274 [63274]
  275 
  276 [26526, 42276, 55926, 20226]
  277 [28627, 12877]
  278 [31778, 34928, 38078]
  279 
  280 
  281 
  282 [39132, 97932]
  283 
  284 
  285 
  286 [27586]
  287 [89537]
  288 [47538]
  289 [71689]
  290 [28640, 58040]
  291 [25491]
  292 
  293 [24443, 93743, 92693]
  294 
  295 
  296 [46496, 24446]
  297 [25497]
  298 [80098, 34948]
  299 [92699]
  300 [29700]
  301 
  302 [48602]
  303 
  304 
  305 [96905, 75905]
  306 
  307 [40207]
  308 
  309 
  310 [26560, 31810]
  311 [22361]
  312 [80112]
  313 
  314 
  315 
  316 
  317 [63317]
  318 [71718]
  319 [84319, 11869]
  320 [96920]
  321 [66471]
  322 [82222, 71722, 96922]
  323 [90623]
  324 [20274]
  325 
  326 [65426, 45476, 88526]
  327 
  328 [13978]
  329 
  330 
  331 
  332 [82232, 50732, 54932, 32882]
  333 
  334 
  335 
  336 [39186]
  337 
  338 [24488]
  339 
  340 [81190]
  341 [62291, 89591, 21341]
  342 [23442]
  343 
  344 
  345 [18195]
  346 [90646, 75946, 92746, 32896]
  347 [84347, 28697, 33947, 76997]
  348 [21348]
  349 [81199]
  350 [71750]
  351 
  352 [31852]
  353 
  354 
  355 
  356 
  357 
  358 
  359 [96959, 62309, 66509]
  360 [54960]
  361 [72811]
  362 [39212]
  363 [91713]
  364 
  365 [87515]
  366 [52866, 22416, 21366]
  367 
  368 
  369 [45519, 38169]
  370 
  371 
  372 [75972]
  373 [61273, 28723]
  374 [39224]
  375 [64425, 62325, 75975]
  376 
  377 [44477, 14027]
  378 [84378, 98028]
  379 
  380 
  381 
  382 
  383 [92783, 42383, 14033, 53933, 71783]
  384 
  385 [73885]
  386 
  387 
  388 [40288]
  389 
  390 [47640, 27690]
  391 [22441]
  392 [96992, 17192]
  393 [91743, 72843]
  394 [72844]
  395 [44495, 86495, 77045, 99095, 35045, 59195]
  396 
  397 [37147]
  398 [25598]
  399 [28749]
  400 [76000, 84400]
  401 [91751]
  402 
  403 [50803]
  404 [28754]
  405 [36105]
  406 [62356, 14056]
  407 [88607]
  408 
  409 [89659, 81259, 66559]
  410 [40310, 60260, 14060]
  411 [21411, 72861, 11961]
  412 [88612, 32962]
  413 
  414 [48714, 82314, 15114]
  415 [81265]
  416 [30866, 13016]
  417 
  418 
  419 [15119]
  420 [97020, 16170, 42420]
  421 
  422 [10922]
  423 
  424 [69724, 55024, 39274]
  425 
  426 
  427 [20377]
  428 [55028]
  429 [90729]
  430 
  431 [14081, 88631, 29831]
  432 
  433 
  434 
  435 [19335]
  436 
  437 
  438 
  439 [22489, 46639]
  440 
  441 
  442 
  443 [71843]
  444 [64494]
  445 [60295]
  446 [21446, 86546, 59246]
  447 [95997, 39297]
  448 [79198]
  449 
  450 [72900, 69750]
  451 
  452 
  453 
  454 [47704]
  455 [70805]
  456 
  457 [27757, 86557, 50857]
  458 [39308]
  459 [65559]
  460 [70810]
  461 
  462 [97062]
  463 [55063]
  464 [43514]
  465 [78165, 28815]
  466 [39316]
  467 [46667, 91817, 51917]
  468 [56118]
  469 [57169, 49819, 75019, 63469]
  470 
  471 [24621, 13071]
  472 [29872]
  473 [84473]
  474 [30924, 59274, 83424]
  475 
  476 [24626, 18326]
  477 [76077, 93927, 46677]
  478 
  479 [86579]
  480 
  481 
  482 
  483 [45633, 42483]
  484 [83434, 42484]
  485 
  486 [48786, 27786, 86586, 63486]
  487 [30937, 56137, 57187]
  488 [56138, 35138, 85538, 80288]
  489 [65589]
  490 [69790]
  491 [39341]
  492 
  493 
  494 [33044]
  495 [14145]
  496 [98146, 72946, 45646]
  497 
  498 
  499 [45649, 96049]
  500 [42500, 80300, 26750]
  501 
  502 
  503 
  504 
  505 
  506 
  507 
  508 
  509 [56159]
  510 [61410]
  511 [14161]
  512 [47762, 53012, 84512, 66662]
  513 [72963]
  514 [63514]
  515 [87665]
  516 [67716, 12066]
  517 [19417]
  518 
  519 [55119]
  520 
  521 
  522 [71922]
  523 [55123]
  524 [47774, 41474]
  525 
  526 [99226]
  527 [38327]
  528 [95028]
  529 [68779, 89779, 35179]
  530 [18380]
  531 [54081, 35181]
  532 [96082]
  533 
  534 [59334, 37284]
  535 
  536 
  537 
  538 [98188]
  539 
  540 [62490, 70890, 49890]
  541 
  542 [29942]
  543 [25743]
  544 [86644, 67744]
  545 [85595]
  546 
  547 [79297, 57247, 74047, 16297]
  548 [29948]
  549 
  550 
  551 
  552 [15252]
  553 [26803]
  554 
  555 [80355, 41505]
  556 [33106, 63556]
  557 
  558 [48858]
  559 [99259]
  560 [37310]
  561 
  562 [44662]
  563 [73013]
  564 [84564, 97164, 92964]
  565 [88765]
  566 [71966, 97166]
  567 [68817, 35217]
  568 
  569 [42569, 96119]
  570 
  571 [65671]
  572 [68822]
  573 
  574 
  575 [58325]
  576 [75126, 29976, 52026]
  577 [34177, 53077]
  578 [42578, 91928]
  579 [12129, 85629]
  580 
  581 [64631]
  582 
  583 
  584 
  585 [36285, 90885]
  586 
  587 [32087, 60437, 12137]
  588 [73038, 61488, 48888]
  589 
  590 
  591 
  592 [17392, 78292, 90892]
  593 
  594 
  595 [91945]
  596 
  597 [70947, 59397, 32097]
  598 [35248, 91948]
  599 [61499]
  600 
  601 [57301]
  602 
  603 [96153, 39453]
  604 [56254]
  605 [78305, 74105]
  606 
  607 [88807]
  608 [48908]
  609 [42609]
  610 [88810, 47860]
  611 
  612 
  613 [77263, 84613, 95113]
  614 
  615 
  616 [39466]
  617 
  618 [42618, 52068]
  619 [31069]
  620 [46820, 10070]
  621 [47871]
  622 [28972]
  623 
  624 [51024]
  625 
  626 [69926, 76226, 54176]
  627 [37377, 10077, 15327]
  628 [42628]
  629 [58379, 63629]
  630 [42630]
  631 [82531, 65731]
  632 
  633 [26883]
  634 
  635 
  636 [64686]
  637 
  638 [86738]
  639 
  640 [53140]
  641 
  642 [52092, 41592]
  643 
  644 
  645 
  646 
  647 [54197]
  648 
  649 [91999]
  650 [37400]
  651 
  652 [46852]
  653 [17453]
  654 
  655 [69955]
  656 
  657 [66807, 88857, 24807]
  658 
  659 [11159]
  660 
  661 [80461, 23761]
  662 [38462]
  663 
  664 [14314]
  665 
  666 [78366]
  667 
  668 [99368, 39518]
  669 [63669, 98319]
  670 [63670, 53170]
  671 [24821]
  672 
  673 [59473]
  674 [27974]
  675 
  676 [82576]
  677 
  678 
  679 
  680 [88880]
  681 
  682 [52132, 47932, 65782]
  683 
  684 [32184]
  685 
  686 
  687 
  688 [99388]
  689 [14339]
  690 
  691 
  692 [71042, 82592]
  693 [85743]
  694 [12244]
  695 
  696 
  697 
  698 [90998]
  699 
  700 [91000, 68950]
  701 [72101]
  702 [45852]
  703 [30103]
  704 [11204]
  705 [31155]
  706 [28006]
  707 
  708 
  709 
  710 
  711 [67911, 41661, 87861]
  712 [46912, 44812]
  713 [89963, 62663, 13313]
  714 [94164]
  715 [34315]
  716 [43766, 50066]
  717 
  718 [10168]
  719 [83669, 95219]
  720 [53220, 59520]
  721 [63721, 34321]
  722 [19622]
  723 
  724 [89974, 82624]
  725 [88925, 18575, 24875]
  726 
  727 
  728 [53228]
  729 [40629]
  730 [25930]
  731 
  732 [20682, 55332, 65832]
  733 
  734 
  735 
  736 
  737 
  738 [56388, 96288]
  739 [63739]
  740 [68990, 93140]
  741 
  742 [54292]
  743 [40643, 93143]
  744 [67944]
  745 [88945]
  746 [64796, 77396, 25946, 71096]
  747 [37497]
  748 
  749 [61649, 58499]
  750 [93150]
  751 [66901]
  752 [24902]
  753 [25953]
  754 [78454, 56404]
  755 
  756 [74256, 17556]
  757 [65857]
  758 [33308]
  759 
  760 [16510, 78460]
  761 [53261, 51161]
  762 
  763 [61663]
  764 [58514, 48014, 28064]
  765 
  766 
  767 
  768 
  769 
  770 
  771 [46971]
  772 
  773 [44873]
  774 [54324, 17574]
  775 [11275]
  776 
  777 [81627, 74277]
  778 [49078]
  779 [78479]
  780 [25980, 94230, 21780]
  781 [43831, 45931]
  782 [74282]
  783 [74283]
  784 
  785 
  786 [97386]
  787 
  788 [85838, 15488]
  789 [45939]
  790 
  791 [37541]
  792 
  793 
  794 [10244]
  795 [62745]
  796 [23896, 11296, 36496]
  797 [17597]
  798 
  799 [16549]
  800 [84800]
  801 
  802 [84802]
  803 [48053, 34403, 57503]
  804 
  805 
  806 [69056, 83756]
  807 [83757, 84807]
  808 
  809 
  810 
  811 [61711]
  812 [13412]
  813 [96363]
  814 [32314]
  815 [26015, 80615]
  816 
  817 [48067]
  818 
  819 [48069, 63819]
  820 [19720, 87970]
  821 [53321]
  822 [20772]
  823 
  824 [82724]
  825 [37575]
  826 
  827 [93227]
  828 
  829 [97429]
  830 [26030]
  831 [93231, 95331, 70131]
  832 [64882]
  833 [58583, 44933]
  834 [38634, 75384, 85884]
  835 
  836 [47036]
  837 [91137]
  838 [64888, 87988]
  839 
  840 [83790]
  841 
  842 
  843 
  844 [62794]
  845 [12395, 27095, 69095]
  846 [38646, 42846, 21846, 34446]
  847 [33397, 56497, 35497]
  848 
  849 [44949, 68049, 33399]
  850 [13450]
  851 
  852 
  853 [93253]
  854 [56504, 29204, 55454, 99554]
  855 [41805, 85905, 92205]
  856 
  857 [11357]
  858 [16608, 59658, 51258]
  859 
  860 
  861 
  862 [18712]
  863 [78563]
  864 
  865 
  866 [82766]
  867 
  868 [20818]
  869 [65969]
  870 [80670]
  871 
  872 [28172, 35522, 78572]
  873 [25023]
  874 
  875 [26075, 22925]
  876 [46026]
  877 
  878 [19778]
  879 
  880 
  881 
  882 [31332]
  883 [95383, 86983, 44983]
  884 [18734]
  885 [13485, 23985]
  886 
  887 
  888 [88038]
  889 [85939, 59689]
  890 
  891 
  892 [67042, 37642]
  893 [15593]
  894 
  895 [30295, 63895, 44995]
  896 
  897 [71247, 15597, 73347]
  898 
  899 [33449]
  900 [87000]
  901 [81751]
  902 
  903 
  904 
  905 [25055]
  906 [14556, 51306, 12456]
  907 [67057]
  908 [95408]
  909 [79659]
  910 [89110]
  911 [57611]
  912 
  913 [38713]
  914 
  915 
  916 
  917 
  918 
  919 
  920 
  921 [39771, 54471]
  922 [26122]
  923 
  924 [26124]
  925 
  926 [59726]
  927 [51327]
  928 [58678, 93328]
  929 
  930 
  931 
  932 
  933 
  934 
  935 [40835]
  936 
  937 
  938 [24038]
  939 [32439, 47139]
  940 
  941 [92291]
  942 [35592, 78642, 73392, 74442]
  943 [88093, 54493]
  944 
  945 [16695]
  946 [95446, 14596]
  947 [13547]
  948 [50298, 62898]
  949 [22999]
  950 
  951 [25101]
  952 [11452]
  953 [62903, 77603]
  954 [44004, 80754]
  955 [21955, 24055, 17755, 89155]
  956 [92306]
  957 
  958 [14608, 99658]
  959 [95459]
  960 [53460, 26160, 14610]
  961 [25111]
  962 [12512]
  963 
  964 [94414]
  965 
  966 
  967 
  968 
  969 [75519]
  970 [99670, 32470]
  971 [48221]
  972 [66072]
  973 
  974 
  975 [19875, 86025]
  976 
  977 [73427, 31427]
  978 
  979 [70279, 79729]
  980 
  981 [18831]
  982 
  983 [39833]
  984 [78684]
  985 [78685]
  986 
  987 [79737]
  988 [83938, 16738]
  989 [53489]
  990 
  991 
  992 [41942]
  993 
  994 
  995 [27245, 37745]
  996 
  997 
  998 [27248]
  999 [63999, 65049]
 1000 [36700]
 1001 [46151, 45101]
 1002 
 1003 
 1004 [34604]
 1005 [15705, 83955]
 1006 
 1007 [81857]
 1008 [37758]
 1009 
 1010 [46160, 99710]
 1011 [12561]
 1012 
 1013 
 1014 
 1015 [40915, 55615]
 1016 [43016]
 1017 
 1018 
 1019 
 1020 
 1021 [88171, 18871]
 1022 
 1023 
 1024 [56674, 13624]
 1025 
 1026 
 1027 [68227, 87127]
 1028 
 1029 [61929]
 1030 
 1031 [92381]
 1032 [88182, 95532]
 1033 [93433]
 1034 [80834]
 1035 
 1036 [35686]
 1037 [54587]
 1038 
 1039 
 1040 [75590, 97640, 85040]
 1041 [92391, 81891]
 1042 [97642, 64042]
 1043 [36743, 98693]
 1044 
 1045 
 1046 [32546]
 1047 [94497, 16797, 25197]
 1048 [39898]
 1049 
