    0 
    1 16797
    2 79198
    3 25197
    4 56404
    5 18005
    6 70805
    7 88807
    8 
    9 
   10 70810
   11 57611
   12 88810
   13 
   14 48014
   15 28815
   16 
   17 92417
   18 
   19 
   20 46820
   21 
   22 
   23 
   24 
   25 16825
   26 
   27 81627
   28 
   29 51629
   30 63629
   31 
   32 
   33 45633
   34 
   35 40835
   36 51636
   37 
   38 24038
   39 32439
   40 
   41 50441
   42 74442
   43 
   44 
   45 84045
   46 45646
   47 67246
   48 
   49 45649
   50 25249
   51 34849
   52 46852
   53 85253
   54 48053
   55 24055
   56 96049
   57 88857
   58 99658
   59 93659
   60 84059
   61 80461
   62 38462
   63 43261
   64 
   65 87665
   66 52866
   67 25267
   68 48067
   69 63669
   70 99670
   71 63670
   72 48069
   73 61273
   74 66072
   75 32470
   76 67276
   77 44477
   78 58877
   79 12066
   80 88880
   81 54081
   82 96082
   83 60067
   84 37284
   85 64882
   86 
   87 
   88 64888
   89 68488
   90 62490
   91 70890
   92 16892
   93 27690
   94 
   95 44495
   96 86495
   97 79297
   98 56497
   99 
  100 
  101 43301
  102 72101
  103 30103
  104 56504
  105 15705
  106 36105
  107 93706
  108 
  109 76909
  110 37310
  111 99710
  112 46912
  113 68513
  114 13313
  115 16915
  116 40915
  117 
  118 
  119 96119
  120 
  121 63721
  122 10922
  123 
  124 84124
  125 88925
  126 26526
  127 69724
  128 34928
  129 12129
  130 42127
  131 33730
  132 31332
  133 55332
  134 22925
  135 50535
  136 19335
  137 12137
  138 
  139 63739
  140 
  141 
  142 
  143 93743
  144 92544
  145 88945
  146 86546
  147 70947
  148 73347
  149 67348
  150 69750
  151 81751
  152 32546
  153 96153
  154 34948
  155 58947
  156 14556
  157 27757
  158 67356
  159 57757
  160 26560
  161 86557
  162 49357
  163 42163
  164 
  165 78165
  166 
  167 
  168 
  169 
  170 
  171 39771
  172 46971
  173 57772
  174 28972
  175 
  176 54176
  177 37377
  178 
  179 86579
  180 21780
  181 
  182 
  183 82983
  184 
  185 
  186 97386
  187 27786
  188 86586
  189 
  190 69790
  191 40991
  192 73392
  193 33790
  194 25394
  195 18195
  196 14596
  197 54197
  198 84198
  199 76997
  200 37400
  201 22999
  202 
  203 
  204 15804
  205 24205
  206 
  207 
  208 14608
  209 
  210 14610
  211 67410
  212 66212
  213 33812
  214 13412
  215 53012
  216 61410
  217 19417
  218 80615
  219 63819
  220 
  221 48221
  222 
  223 
  224 
  225 75825
  226 
  227 73427
  228 95028
  229 59029
  230 31427
  231 83031
  232 97429
  233 83029
  234 38634
  235 39833
  236 47036
  237 
  238 15838
  239 84239
  240 
  241 
  242 71042
  243 
  244 99844
  245 86644
  246 33845
  247 38646
  248 77045
  249 65049
  250 12244
  251 35045
  252 45852
  253 41052
  254 55454
  255 21846
  256 13450
  257 81857
  258 
  259 
  260 67460
  261 87861
  262 44662
  263 62663
  264 60260
  265 
  266 
  267 
  268 
  269 
  270 80670
  271 
  272 
  273 
  274 56674
  275 
  276 42276
  277 53077
  278 
  279 
  280 
  281 
  282 20682
  283 
  284 
  285 13485
  286 36285
  287 
  288 61488
  289 96288
  290 
  291 25491
  292 54292
  293 78292
  294 57892
  295 30295
  296 60295
  297 37497
  298 25497
  299 71096
  300 92693
  301 66295
  302 81891
  303 57894
  304 63895
  305 78305
  306 98693
  307 92699
  308 61499
  309 39898
  310 89110
  311 48311
  312 56707
  313 38713
  314 43514
  315 95113
  316 75905
  317 51917
  318 74718
  319 84319
  320 
  321 
  322 
  323 
  324 54324
  325 
  326 69926
  327 93927
  328 18326
  329 90327
  330 
  331 65131
  332 45931
  333 50732
  334 14734
  335 99935
  336 99936
  337 74736
  338 65136
  339 32738
  340 53140
  341 73541
  342 86738
  343 35138
  344 47139
  345 62745
  346 37541
  347 84347
  348 33947
  349 13547
  350 41150
  351 75946
  352 45939
  353 85538
  354 80754
  355 21955
  356 89155
  357 14757
  358 57946
  359 11159
  360 92746
  361 65161
  362 39959
  363 96363
  364 26750
  365 69955
  366 78366
  367 
  368 
  369 14769
  370 53170
  371 87970
  372 20772
  373 75972
  374 27974
  375 37575
  376 73576
  377 49577
  378 84378
  379 99979
  380 18380
  381 68779
  382 56782
  383 92783
  384 42383
  385 35181
  386 35179
  387 65187
  388 65188
  389 74787
  390 87988
  391 75975
  392 17192
  393 
  394 62794
  395 85595
  396 12395
  397 59195
  398 25598
  399 63999
  400 76000
  401 84400
  402 66395
  403 50803
  404 26803
  405 29204
  406 82006
  407 90403
  408 11204
  409 90405
  410 83209
  411 28006
  412 41212
  413 23213
  414 40012
  415 55615
  416 44812
  417 68817
  418 20818
  419 95219
  420 53220
  421 35217
  422 68822
  423 19622
  424 13624
  425 42420
  426 46026
  427 52026
  428 53228
  429 85629
  430 49611
  431 
  432 90432
  433 
  434 80834
  435 
  436 
  437 60437
  438 88038
  439 82038
  440 97640
  441 58040
  442 97642
  443 24443
  444 64042
  445 37642
  446 59246
  447 71247
  448 35248
  449 61649
  450 24446
  451 89251
  452 89252
  453 47252
  454 78454
  455 
  456 12456
  457 22057
  458 50857
  459 79659
  460 78460
  461 53261
  462 
  463 77263
  464 61663
  465 72465
  466 28064
  467 
  468 14868
  469 52068
  470 10070
  471 54471
  472 66471
  473 84473
  474 59274
  475 11275
  476 55676
  477 76077
  478 10077
  479 14879
  480 78479
  481 82080
  482 32882
  483 82083
  484 42484
  485 42483
  486 26883
  487 44873
  488 24488
  489 65288
  490 72490
  491 47291
  492 52092
  493 88093
  494 54493
  495 
  496 11296
  497 36496
  498 62898
  499 72499
  500 42500
  501 14899
  502 82102
  503 73703
  504 62903
  505 32896
  506 56906
  507 98906
  508 48508
  509 66509
  510 
  511 61711
  512 12512
  513 91713
  514 84512
  515 
  516 67716
  517 
  518 
  519 
  520 19720
  521 53321
  522 
  523 
  524 
  525 13725
  526 72525
  527 
  528 
  529 79729
  530 
  531 89331
  532 52132
  533 95331
  534 59334
  535 98935
  536 31734
  537 79737
  538 30537
  539 70131
  540 44933
  541 
  542 82142
  543 85743
  544 25743
  545 67744
  546 91743
  547 31747
  548 37745
  549 44949
  550 68950
  551 46151
  552 91751
  553 80951
  554 90549
  555 
  556 
  557 11357
  558 37758
  559 66559
  560 46160
  561 12561
  562 32962
  563 47360
  564 84564
  565 94164
  566 43766
  567 92964
  568 10168
  569 42569
  570 16170
  571 88171
  572 28172
  573 64172
  574 78572
  575 18575
  576 78563
  577 34177
  578 31778
  579 19778
  580 42578
  581 
  582 88182
  583 95383
  584 86983
  585 44983
  586 
  587 54587
  588 
  589 
  590 68990
  591 
  592 17392
  593 55792
  594 
  595 44995
  596 77396
  597 59397
  598 
  599 
  600 87000
  601 
  602 48602
  603 
  604 
  605 81005
  606 
  607 40207
  608 95408
  609 12609
  610 42609
  611 31810
  612 
  613 84613
  614 
  615 63015
  616 22215
  617 91817
  618 42618
  619 49819
  620 81020
  621 24621
  622 82222
  623 90623
  624 83424
  625 51024
  626 24626
  627 65426
  628 42628
  629 76226
  630 42630
  631 43831
  632 82232
  633 94230
  634 97834
  635 89434
  636 83434
  637 96634
  638 85838
  639 39035
  640 75019
  641 22241
  642 78642
  643 23442
  644 10244
  645 33044
  646 95446
  647 90646
  648 12620
  649 54619
  650 29418
  651 
  652 31852
  653 11452
  654 71454
  655 17453
  656 69056
  657 13852
  658 71457
  659 95459
  660 53460
  661 89461
  662 21062
  663 66662
  664 64264
  665 22264
  666 21065
  667 
  668 
  669 
  670 
  671 
  672 88272
  673 59473
  674 41474
  675 19875
  676 
  677 
  678 
  679 70279
  680 71479
  681 
  682 
  683 
  684 78684
  685 78685
  686 73885
  687 85884
  688 40288
  689 53489
  690 49890
  691 54685
  692 
  693 
  694 
  695 99095
  696 27095
  697 16297
  698 71498
  699 69095
  700 36700
  701 45101
  702 35497
  703 
  704 
  705 64305
  706 85905
  707 30707
  708 41505
  709 33106
  710 89510
  711 67911
  712 18712
  713 40310
  714 48714
  715 34315
  716 79914
  717 82314
  718 47518
  719 15119
  720 15114
  721 72721
  722 35522
  723 34321
  724 59520
  725 58325
  726 55926
  727 87127
  728 75126
  729 61929
  730 90729
  731 91928
  732 39132
  733 95532
  734 18734
  735 25930
  736 96733
  737 97932
  738 47538
  739 85939
  740 93140
  741 89537
  742 
  743 36743
  744 67944
  745 91945
  746 25946
  747 54747
  748 91948
  749 93143
  750 93150
  751 
  752 
  753 25953
  754 
  755 54755
  756 17556
  757 
  758 
  759 65559
  760 
  761 51161
  762 96761
  763 22361
  764 
  765 
  766 63166
  767 70367
  768 37968
  769 95569
  770 57169
  771 
  772 
  773 
  774 17574
  775 
  776 
  777 
  778 70378
  779 58379
  780 25980
  781 13978
  782 
  783 
  784 
  785 
  786 39186
  787 57187
  788 48786
  789 37989
  790 65589
  791 53590
  792 35592
  793 89591
  794 37994
  795 45193
  796 41592
  797 19997
  798 46398
  799 81199
  800 91999
  801 80001
  802 88402
  803 84802
  804 44004
  805 34403
  806 17597
  807 66807
  808 45207
  809 81190
  810 77603
  811 72811
  812 45212
  813 39212
  814 84807
  815 94414
  816 22416
  817 84800
  818 95618
  819 26015
  820 88400
  821 24821
  822 24807
  823 11623
  824 39224
  825 86025
  826 99226
  827 93227
  828 64425
  829 14027
  830 26030
  831 54831
  832 93231
  833 53632
  834 18831
  835 14033
  836 98028
  837 
  838 
  839 
  840 47640
  841 22441
  842 
  843 72843
  844 72844
  845 27245
  846 42846
  847 57247
  848 27248
  849 68049
  850 74047
  851 36847
  852 15252
  853 93253
  854 34446
  855 
  856 80056
  857 14056
  858 59658
  859 89659
  860 99259
  861 72861
  862 70462
  863 81259
  864 41661
  865 81265
  866 30866
  867 36865
  868 28468
  869 83669
  870 50066
  871 65671
  872 88472
  873 18871
  874 63274
  875 24875
  876 26075
  877 12877
  878 48858
  879 95679
  880 62078
  881 14081
  882 14060
  883 51258
  884 38078
  885 90885
  886 35686
  887 32087
  888 45287
  889 22489
  890 71689
  891 48888
  892 59689
  893 90892
  894 64494
  895 78895
  896 46496
  897 94497
  898 39297
  899 58499
  900 72900
  901 57301
  902 29700
  903 80098
  904 35704
  905 78904
  906 96905
  907 47704
  908 39308
  909 33308
  910 74105
  911 78911
  912 51306
  913 16510
  914 44114
  915 58514
  916 39316
  917 63317
  918 56118
  919 71718
  920 96920
  921 48908
  922 71722
  923 96922
  924 30924
  925 80112
  926 59726
  927 62127
  928 51327
  929 93328
  930 26122
  931 82531
  932 44109
  933 95722
  934 36902
  935 65731
  936 26124
  937 30937
  938 56138
  939 56137
  940 77719
  941 39341
  942 88526
  943 36910
  944 21341
  945 14145
  946 98146
  947 72946
  948 15327
  949 16549
  950 71750
  951 32097
  952 66901
  953 69317
  954 95754
  955 86155
  956 17755
  957 83757
  958 21348
  959 96959
  960 26160
  961 54960
  962 47762
  963 52563
  964 72963
  965 14161
  966 56159
  967 60962
  968 99368
  969 38169
  970 23761
  971 21366
  972 95762
  973 24902
  974 47774
  975 54932
  976 82576
  977 60976
  978 83756
  979 89779
  980 69374
  981 39274
  982 60982
  983 58583
  984 32184
  985 75384
  986 65782
  987 71783
  988 99388
  989 36989
  990 83790
  991 98188
  992 82592
  993 18992
  994 96992
  995 
  996 69396
  997 33397
  998 90998
  999 33399
 1000 91000
 1001 95801
 1002 
 1003 
 1004 34604
 1005 41805
 1006 92205
 1007 88607
 1008 16608
 1009 27408
 1010 
 1011 21411
 1012 88612
 1013 73013
 1014 
 1015 
 1016 13016
 1017 43016
 1018 
 1019 
 1020 97020
 1021 79021
 1022 
 1023 25023
 1024 82624
 1025 55024
 1026 20226
 1027 68227
 1028 19027
 1029 28627
 1030 55028
 1031 40629
 1032 64631
 1033 93433
 1034 88631
 1035 65832
 1036 29831
 1037 
 1038 73038
 1039 46639
 1040 28640
 1041 85040
 1042 67042
 1043 71843
 1044 40643
 1045 
 1046 21446
 1047 
 1048 
 1049 77849
 1050 61050
 1051 33449
 1052 52652
 1053 39453
 1054 56254
 1055 25055
 1056 74256
 1057 67057
 1058 65857
 1059 52658
 1060 85060
 1061 47860
 1062 97062
 1063 55063
 1064 10662
 1065 
 1066 39466
 1067 46667
 1068 
 1069 31069
 1070 11869
 1071 47871
 1072 17870
 1073 29872
 1074 44274
 1075 17875
 1076 35876
 1077 46677
 1078 49078
 1079 45476
 1080 58678
 1081 74277
 1082 74282
 1083 74283
 1084 94674
 1085 77880
 1086 64686
 1087 13071
 1088 15488
 1089 20274
 1090 63469
 1091 62291
 1092 92291
 1093 80288
 1094 63486
 1095 16695
 1096 23896
 1097 28697
 1098 50298
 1099 52698
 1100 80300
 1101 25101
 1102 34700
 1103 57503
 1104 
 1105 
 1106 92306
 1107 
 1108 86308
 1109 62309
 1110 51509
 1111 25111
 1112 52712
 1113 51513
 1114 63514
 1115 51514
 1116 14314
 1117 32314
 1118 87515
 1119 55119
 1120 45519
 1121 76721
 1122 98319
 1123 28723
 1124 71922
 1125 82724
 1126 62325
 1127 38327
 1128 75519
 1129 55123
 1130 77923
 1131 39518
 1132 47932
 1133 77933
 1134 53933
 1135 
 1136 
 1137 91137
 1138 83938
 1139 14339
 1140 16738
 1141 59939
 1142 41942
 1143 29942
 1144 
 1145 
 1146 
 1147 37147
 1148 61148
 1149 29948
 1150 28749
 1151 17950
 1152 35947
 1153 26349
 1154 28754
 1155 80355
 1156 62356
 1157 35957
 1158 99554
 1159 27554
 1160 63556
 1161 11961
 1162 31155
 1163 89963
 1164 97164
 1165 88765
 1166 71966
 1167 82766
 1168 97166
 1169 65969
 1170 83955
 1171 
 1172 
 1173 
 1174 89974
 1175 
 1176 29976
 1177 20377
 1178 
 1179 
 1180 
 1181 92381
 1182 51581
 1183 
 1184 
 1185 23985
 1186 27586
 1187 
 1188 56388
 1189 51588
 1190 75590
 1191 92391
 1192 
 1193 15593
 1194 
 1195 
 1196 64796
 1197 51596
 1198 95997
 1199 15597
