    0 37400
    1 80300
    2 59397
    3 73703
    4 44004
    5 41805
    6 24205
    7 64882
    8 
    9 79659
   10 16510
   11 89110
   12 18712
   13 
   14 29700
   15 14314
   16 65731
   17 35217
   18 56118
   19 63819
   20 
   21 
   22 95722
   23 
   24 55024
   25 58325
   26 49611
   27 68227
   28 28627
   29 12129
   30 
   31 82531
   32 97932
   33 55028
   34 18734
   35 75905
   36 32896
   37 56137
   38 85838
   39 88038
   40 14339
   41 28640
   42 12137
   43 56138
   44 33044
   45 77045
   46 62745
   47 57247
   48 35248
   49 16549
   50 61649
   51 75946
   52 76997
   53 
   54 95754
   55 80355
   56 89155
   57 22057
   58 39518
   59 56159
   60 47360
   61 70131
   62 70462
   63 55063
   64 61663
   65 78165
   66 30866
   67 52866
   68 27554
   69 83669
   70 23985
   71 63486
   72 75972
   73 59473
   74 94674
   75 19875
   76 82576
   77 49577
   78 34177
   79 58379
   80 78895
   81 
   82 
   83 86983
   84 85884
   85 84400
   86 27586
   87 
   88 15488
   89 26349
   90 
   91 
   92 82592
   93 45193
   94 88093
   95 99095
   96 63895
   97 37497
   98 79297
   99 25394
  100 87000
  101 57301
  102 95801
  103 84802
  104 69374
  105 96905
  106 85905
  107 45207
  108 16608
  109 44109
  110 69396
  111 28697
  112 45212
  113 23213
  114 13313
  115 44114
  116 61711
  117 95762
  118 14868
  119 55119
  120 96920
  121 72721
  122 96922
  123 28723
  124 30924
  125 82624
  126 26526
  127 90327
  128 98028
  129 
  130 84800
  131 18831
  132 29831
  133 50732
  134 38634
  135 40835
  136 33106
  137 30937
  138 48508
  139 85939
  140 
  141 37541
  142 41942
  143 
  144 92544
  145 12244
  146 38646
  147 67246
  148 82142
  149 65049
  150 28749
  151 89251
  152 89252
  153 55123
  154 28754
  155 17755
  156 13071
  157 83757
  158 29418
  159 96959
  160 11159
  161 80461
  162 21062
  163 66072
  164 93659
  165 21065
  166 75975
  167 32882
  168 56254
  169 
  170 10070
  171 39771
  172 88171
  173 53933
  174 26560
  175 37575
  176 67276
  177 76077
  178 10077
  179 
  180 
  181 54081
  182 88182
  183 
  184 13978
  185 73885
  186 29872
  187 32087
  188 45287
  189 71689
  190 83790
  191 25491
  192 78292
  193 15593
  194 
  195 16695
  196 36496
  197 19997
  198 46398
  199 63999
  200 58499
  201 18871
  202 25497
  203 50803
  204 90403
  205 78305
  206 93706
  207 48602
  208 62903
  209 11204
  210 90405
  211 72811
  212 66212
  213 13412
  214 58514
  215 34315
  216 40915
  217 53012
  218 47518
  219 71718
  220 97020
  221 34321
  222 71722
  223 24038
  224 82724
  225 86025
  226 99226
  227 87127
  228 81627
  229 28815
  230 
  231 89331
  232 65131
  233 90432
  234 62794
  235 
  236 65136
  237 45931
  238 16738
  239 47538
  240 76000
  241 22241
  242 64042
  243 24443
  244 72844
  245 22215
  246 98146
  247 29942
  248 29948
  249 67348
  250 71750
  251 13450
  252 15597
  253 62898
  254 
  255 
  256 14556
  257 27757
  258 50857
  259 99259
  260 59520
  261 72861
  262 65161
  263 77263
  264 22264
  265 26750
  266 78366
  267 97062
  268 10168
  269 31069
  270 67356
  271 17870
  272 51917
  273 93743
  274 44274
  275 17875
  276 29976
  277 53077
  278 
  279 
  280 82766
  281 54176
  282 
  283 58583
  284 32184
  285 13485
  286 27786
  287 65187
  288 65188
  289 24488
  290 59689
  291 40991
  292 18992
  293 56388
  294 92693
  295 12395
  296 11296
  297 95997
  298 25598
  299 92699
  300 72900
  301 46496
  302 98188
  303 34403
  304 57503
  305 15705
  306 
  307 
  308 33308
  309 66295
  310 14610
  311 67410
  312 39898
  313 68513
  314 48714
  315 63015
  316 80615
  317 25111
  318 68488
  319 49819
  320 43016
  321 
  322 35522
  323 
  324 39833
  325 16825
  326 75126
  327 19027
  328 42127
  329 61929
  330 11275
  331 59726
  332 55332
  333 37642
  334 89434
  335 
  336 
  337 24446
  338 83938
  339 
  340 47640
  341 53140
  342 23442
  343 71843
  344 10244
  345 85040
  346 72946
  347 74047
  348 13547
  349 96049
  350 17950
  351 81751
  352 41052
  353 38713
  354 90549
  355 86155
  356 12456
  357 11357
  358 37758
  359 78454
  360 85060
  361 67460
  362 43261
  363 14608
  364 72963
  365 97164
  366 89461
  367 14161
  368 99368
  369 52068
  370 80670
  371 53170
  372 64172
  373 28972
  374 78460
  375 22361
  376 45476
  377 42163
  378 58678
  379 78479
  380 97166
  381 76226
  382 96082
  383 92783
  384 
  385 31155
  386 48786
  387 14596
  388 99388
  389 65288
  390 49890
  391 
  392 54292
  393 35592
  394 27690
  395 56404
  396 77396
  397 33397
  398 56497
  399 33399
  400 36700
  401 43301
  402 88402
  403 26803
  404 56504
  405 47704
  406 74105
  407 
  408 30103
  409 15804
  410 70810
  411 57611
  412 12512
  413 73013
  414 32314
  415 16915
  416 22416
  417 52026
  418 91713
  419 45519
  420 53220
  421 24621
  422 52092
  423 90623
  424 69724
  425 13624
  426 24626
  427 93927
  428 95028
  429 53228
  430 77880
  431 20226
  432 52132
  433 98319
  434 14734
  435 18005
  436 71922
  437 54197
  438 15838
  439 73038
  440 89510
  441 21341
  442 22441
  443 25743
  444 91743
  445 84045
  446 90646
  447 16892
  448 36743
  449 21348
  450 69750
  451 91751
  452 11452
  453 96153
  454 80754
  455 55454
  456 
  457 81857
  458 14757
  459 48858
  460 70805
  461 53261
  462 47762
  463 60962
  464 64264
  465 
  466 71966
  467 46667
  468 78563
  469 46639
  470 14769
  471 63166
  472 88472
  473 78572
  474 47774
  475 12561
  476 42276
  477 46677
  478 44477
  479 54324
  480 41150
  481 60976
  482 60982
  483 82983
  484 26883
  485 66471
  486 35686
  487 71783
  488 27974
  489 22489
  490 70890
  491 89591
  492 81891
  493 48888
  494 80288
  495 44495
  496 21366
  497 
  498 
  499 39959
  500 
  501 35497
  502 52652
  503 40012
  504 35704
  505 64305
  506 28006
  507 45101
  508 86308
  509 12609
  510 66509
  511 21411
  512 41212
  513 48908
  514 84059
  515 51024
  516 
  517 91817
  518 34604
  519 
  520 69790
  521 53321
  522 
  523 69317
  524 84124
  525 13725
  526 65426
  527 62127
  528 72843
  529 90729
  530 79729
  531 83031
  532 31332
  533 45633
  534 80834
  535 39035
  536 
  537 79737
  538 95113
  539 59939
  540 32439
  541 83756
  542 78642
  543 59658
  544 
  545 
  546 21446
  547 45646
  548 70947
  549 45649
  550 61050
  551 
  552 36847
  553 85253
  554 99554
  555 
  556 74256
  557 57757
  558 
  559 89659
  560 66559
  561 51161
  562 
  563 
  564 28064
  565 36865
  566 50066
  567 
  568 37968
  569 62078
  570 32470
  571 47871
  572 54471
  573 57772
  574 56674
  575 63274
  576 60067
  577 20377
  578 58877
  579 14879
  580 68779
  581 88526
  582 74282
  583 42383
  584 78684
  585 78685
  586 97386
  587 
  588 74283
  589 37989
  590 47860
  591 74277
  592 
  593 96288
  594 37994
  595 30295
  596 18195
  597 
  598 84198
  599 14899
  600 34700
  601 72101
  602 36902
  603 77603
  604 29204
  605 
  606 82006
  607 88607
  608 40207
  609 
  610 36910
  611 12620
  612 88612
  613 84807
  614 43514
  615 55615
  616 67716
  617 63317
  618 68817
  619 95219
  620 46820
  621 24821
  622 68822
  623 11623
  624 
  625 64425
  626 69926
  627 31427
  628 91928
  629 97429
  630 25930
  631 88631
  632 47932
  633 39132
  634 54619
  635 19335
  636 
  637 56707
  638 82038
  639 84239
  640 48221
  641 89537
  642 71042
  643 
  644 67744
  645 91945
  646 25946
  647 32546
  648 61148
  649 91948
  650 42420
  651 80951
  652 46852
  653 25953
  654 
  655 92964
  656 69955
  657 13852
  658 99658
  659 65559
  660 53460
  661 23761
  662 44662
  663 96363
  664 94164
  665 
  666 
  667 92417
  668 88272
  669 83029
  670 99670
  671 
  672 28172
  673 
  674 
  675 24875
  676 55676
  677 35876
  678 49078
  679 89779
  680 25980
  681 82080
  682 56782
  683 82083
  684 42484
  685 90885
  686 39186
  687 54587
  688 40288
  689 53489
  690 36989
  691 62291
  692 57892
  693 17192
  694 65589
  695 86495
  696 27095
  697 71096
  698 96992
  699 64494
  700 42500
  701 
  702 82102
  703 32097
  704 91999
  705 81005
  706 51306
  707 24902
  708 57894
  709 62309
  710 40310
  711 99710
  712 46912
  713 39212
  714 79914
  715 48014
  716 26015
  717 19417
  718 
  719 84319
  720 77719
  721 81020
  722 90892
  723 83209
  724 39224
  725 62325
  726 18326
  727 51327
  728 
  729 59029
  730 26030
  731 95331
  732 
  733 54493
  734 33449
  735 94230
  736 
  737 
  738 42483
  739 
  740 93140
  741 
  742 34446
  743 74442
  744 33730
  745 
  746 86546
  747 84347
  748 73347
  749 34849
  750 93150
  751 68950
  752 45852
  753 48053
  754 
  755 87515
  756 62356
  757 35957
  758 86557
  759 20274
  760 57946
  761 35947
  762 10662
  763 
  764 
  765 88765
  766 87665
  767 48067
  768 
  769 38169
  770 48069
  771 65671
  772 46971
  773 61273
  774 41474
  775 26075
  776 
  777 12877
  778 42578
  779 86579
  780 18380
  781 
  782 
  783 95383
  784 16170
  785 88400
  786 86586
  787 58947
  788 75384
  789 
  790 75590
  791 53590
  792 55792
  793 73392
  794 98693
  795 68990
  796 23896
  797 39297
  798 50298
  799 90998
  800 91000
  801 80001
  802 66662
  803 16797
  804 78904
  805 41505
  806 56906
  807 66807
  808 39308
  809 42609
  810 88810
  811 78911
  812 33812
  813 95408
  814 63514
  815 15114
  816 39316
  817 44812
  818 42618
  819 15119
  820 33790
  821 76721
  822 82222
  823 25023
  824 42569
  825 67911
  826 
  827 93227
  828 42628
  829 34928
  830 42630
  831 93231
  832 53632
  833 82232
  834 14033
  835 
  836 47036
  837 30537
  838 32738
  839 45939
  840 97640
  841 73427
  842 97642
  843 85538
  844 99844
  845 27245
  846 33845
  847 71247
  848 54747
  849 86644
  850 77849
  851 95446
  852 37147
  853 27248
  854 93253
  855 25055
  856 69056
  857 80056
  858 67944
  859 95459
  860 26160
  861 64631
  862 88807
  863 89963
  864 52563
  865 60260
  866 43766
  867 
  868 
  869 11869
  870 14056
  871 39341
  872 
  873 84473
  874 89974
  875 
  876 54685
  877 26122
  878 34948
  879 26124
  880 88880
  881 14081
  882 20682
  883 65782
  884 
  885 54755
  886 64686
  887 88857
  888 
  889 
  890 62490
  891 81190
  892 17392
  893 41592
  894 21780
  895 85595
  896 60295
  897 16297
  898 80098
  899 81199
  900 69095
  901 25101
  902 66901
  903 44873
  904 75019
  905 36105
  906 92205
  907 
  908 
  909 51509
  910 61410
  911 63556
  912 80112
  913 51513
  914 51514
  915 82314
  916 13016
  917 84512
  918 14027
  919 94414
  920 
  921 79021
  922 19622
  923 75519
  924 83424
  925 88925
  926 55926
  927 38327
  928 93328
  929 85629
  930 63629
  931 43831
  932 54831
  933 77933
  934 83434
  935 99935
  936 99936
  937 91137
  938 86738
  939 96634
  940 46026
  941 73541
  942 50441
  943 51258
  944 47139
  945 14145
  946 95532
  947 31747
  948 33947
  949 44949
  950 68049
  951 21846
  952 15252
  953 39453
  954 17453
  955 24055
  956 
  957 65857
  958 52658
  959 35045
  960 81259
  961 11961
  962 41661
  963 38078
  964 84564
  965 72465
  966 81265
  967 39466
  968 28468
  969 63669
  970 63670
  971 49357
  972 20772
  973 63469
  974 59274
  975 18575
  976 73576
  977 
  978 31778
  979 99979
  980 70279
  981 51581
  982 84378
  983 95569
  984 44983
  985 37284
  986 59195
  987 65832
  988 61488
  989 31734
  990 72490
  991 92291
  992 24807
  993 51588
  994 
  995 37745
  996 64796
  997 51596
  998 94497
  999 72499
 1000 88945
 1001 59246
 1002 25197
 1003 52698
 1004 61499
 1005 83955
 1006 98906
 1007 30707
 1008 27408
 1009 76909
 1010 37310
 1011 48311
 1012 52712
 1013 84613
 1014 77923
 1015 31810
 1016 87861
 1017 
 1018 74718
 1019 20818
 1020 92306
 1021 63721
 1022 10922
 1023 95618
 1024 44933
 1025 75825
 1026 72525
 1027 15327
 1028 93143
 1029 40629
 1030 51629
 1031 92746
 1032 54932
 1033 93433
 1034 59334
 1035 50535
 1036 74736
 1037 60437
 1038 35138
 1039 63739
 1040 98935
 1041 51636
 1042 67042
 1043 85743
 1044 58040
 1045 66395
 1046 42846
 1047 96733
 1048 97834
 1049 25249
 1050 19720
 1051 46151
 1052 31852
 1053 47252
 1054 71454
 1055 21955
 1056 17556
 1057 67057
 1058 71457
 1059 39274
 1060 54960
 1061 46160
 1062 38462
 1063 62663
 1064 14060
 1065 22925
 1066 96761
 1067 70367
 1068 25267
 1069 57169
 1070 65969
 1071 12066
 1072 
 1073 40643
 1074 17574
 1075 87970
 1076 32962
 1077 37377
 1078 70378
 1079 95679
 1080 71479
 1081 92381
 1082 35181
 1083 19778
 1084 35179
 1085 36285
 1086 44995
 1087 57187
 1088 64888
 1089 96119
 1090 22999
 1091 92391
 1092 74787
 1093 87988
 1094 
 1095 
 1096 47291
 1097 17597
 1098 71498
 1099 79198
