    0 91000
    1 80001
    2 90998
    3 87000
    4 44004
    5 81005
    6 82006
    7 18005
    8 91999
    9 76997
   10 91948
   11 13978
   12 53012
   13 73013
   14 48014
   15 63015
   16 13016
   17 40012
   18 26015
   19 75019
   20 97020
   21 79021
   22 81020
   23 25023
   24 51024
   25 86025
   26 46026
   27 19027
   28 95028
   29 55028
   30 26030
   31 83031
   32 59029
   33 14033
   34 14027
   35 52026
   36 47036
   37 39035
   38 88038
   39 73038
   40 55024
   41 98028
   42 71042
   43 64042
   44 67042
   45 77045
   46 84045
   47 74047
   48 35045
   49 65049
   50 68049
   51 61050
   52 41052
   53 48053
   54 33044
   55 25055
   56 24055
   57 22057
   58 67057
   59 69056
   60 85060
   61 80056
   62 21062
   63 55063
   64 97062
   65 21065
   66 50066
   67 48067
   68 14056
   69 31069
   70 10070
   71 48069
   72 66072
   73 96049
   74 12066
   75 26075
   76 84059
   77 76077
   78 49078
   79 10077
   80 53077
   81 14081
   82 54081
   83 82083
   84 82080
   85 96082
   86 62078
   87 32087
   88 14060
   89 85040
   90 58040
   91 13071
   92 52092
   93 88093
   94 83029
   95 99095
   96 27095
   97 71096
   98 80098
   99 69095
  100 32097
  101 72101
  102 82102
  103 30103
  104 25101
  105 36105
  106 74105
  107 33106
  108 45101
  109 44109
  110 89110
  111 97932
  112 80112
  113 95113
  114 44114
  115 15114
  116 28064
  117 38078
  118 56118
  119 55119
  120 15119
  121 96119
  122 26122
  123 87970
  124 84124
  125 26124
  126 75126
  127 62127
  128 87127
  129 12129
  130 42127
  131 65131
  132 52132
  133 39132
  134 23985
  135 54932
  136 65136
  137 56137
  138 56138
  139 91137
  140 53140
  141 12137
  142 93140
  143 35138
  144 47139
  145 14145
  146 98146
  147 37147
  148 61148
  149 82142
  150 93150
  151 46151
  152 41150
  153 96153
  154 28006
  155 86155
  156 89155
  157 22925
  158 58947
  159 11159
  160 26160
  161 51161
  162 65161
  163 46160
  164 94164
  165 78165
  166 63166
  167 97164
  168 10168
  169 57169
  170 53170
  171 88171
  172 28172
  173 38169
  174 64172
  175 14161
  176 56159
  177 34177
  178 16170
  179 54176
  180 35179
  181 35181
  182 88182
  183 42163
  184 32184
  185 97166
  186 39186
  187 65187
  188 65188
  189 98188
  190 57187
  191 81190
  192 17192
  193 45193
  194 16892
  195 18195
  196 55123
  197 54197
  198 84198
  199 81199
  200 44995
  201 24038
  202 77923
  203 90892
  204 29204
  205 92205
  206 24205
  207 45207
  208 40207
  209 11204
  210 83209
  211 87988
  212 41212
  213 23213
  214 45212
  215 66212
  216 39212
  217 35217
  218 22215
  219 95219
  220 53220
  221 59195
  222 82222
  223 43016
  224 39224
  225 48221
  226 99226
  227 68227
  228 93227
  229 53228
  230 20226
  231 93231
  232 82232
  233 76226
  234 94230
  235 76000
  236 92964
  237 79198
  238 32896
  239 84239
  240 39959
  241 22241
  242 70131
  243 52068
  244 10244
  245 27245
  246 12244
  247 71247
  248 27248
  249 25249
  250 57247
  251 89251
  252 89252
  253 85253
  254 67246
  255 15252
  256 74256
  257 47252
  258 35248
  259 99259
  260 81259
  261 53261
  262 59246
  263 77263
  264 64264
  265 22264
  266 81265
  267 25267
  268 43261
  269 93253
  270 60260
  271 51258
  272 88272
  273 61273
  274 63274
  275 44274
  276 42276
  277 59274
  278 67276
  279 70279
  280 74277
  281 20274
  282 74282
  283 74283
  284 37284
  285 36285
  286 11275
  287 45287
  288 65288
  289 96288
  290 40288
  291 62291
  292 54292
  293 78292
  294 92291
  295 30295
  296 11296
  297 79297
  298 16297
  299 60295
  300 50298
  301 43301
  302 57301
  303 80300
  304 39297
  305 78305
  306 64305
  307 51306
  308 39308
  309 62309
  310 86308
  311 33308
  312 48311
  313 13313
  314 37310
  315 34315
  316 39316
  317 63317
  318 82314
  319 84319
  320 66295
  321 53321
  322 40310
  323 14314
  324 54324
  325 32314
  326 18326
  327 51327
  328 38327
  329 93328
  330 98319
  331 89331
  332 31332
  333 95331
  334 59334
  335 19335
  336 55332
  337 90327
  338 34321
  339 14339
  340 47291
  341 39341
  342 21341
  343 62325
  344 15327
  345 92306
  346 58325
  347 84347
  348 73347
  349 67348
  350 69317
  351 21348
  352 26349
  353 56254
  354 80288
  355 80355
  356 62356
  357 11357
  358 67356
  359 49357
  360 47360
  361 22361
  362 31155
  363 96363
  364 85884
  365 60067
  366 78366
  367 70367
  368 99368
  369 21366
  370 75975
  371 39274
  372 26750
  373 64882
  374 69374
  375 75905
  376 82038
  377 20377
  378 70378
  379 58379
  380 18380
  381 92381
  382 37377
  383 95383
  384 42383
  385 84378
  386 97386
  387 75384
  388 99388
  389 56388
  390 44873
  391 92391
  392 17392
  393 73392
  394 25394
  395 12395
  396 77396
  397 33397
  398 46398
  399 59397
  400 37400
  401 69396
  402 88402
  403 90403
  404 34403
  405 90405
  406 88400
  407 33399
  408 27408
  409 95408
  410 67410
  411 21411
  412 13412
  413 61410
  414 94414
  415 56404
  416 22416
  417 19417
  418 92417
  419 84400
  420 66395
  421 44933
  422 42420
  423 25197
  424 83424
  425 64425
  426 65426
  427 73427
  428 31427
  429 97429
  430 25111
  431 93143
  432 90432
  433 93433
  434 89434
  435 83434
  436 22999
  437 60437
  438 83955
  439 32439
  440 29418
  441 50441
  442 23442
  443 24443
  444 74442
  445 22441
  446 21446
  447 95446
  448 34446
  449 24446
  450 13450
  451 33449
  452 11452
  453 39453
  454 55454
  455 71454
  456 12456
  457 17453
  458 71457
  459 78454
  460 53460
  461 80461
  462 70462
  463 67460
  464 38462
  465 72465
  466 89461
  467 95459
  468 28468
  469 78460
  470 32470
  471 54471
  472 88472
  473 59473
  474 41474
  475 66471
  476 45476
  477 44477
  478 84473
  479 78479
  480 71479
  481 63469
  482 39466
  483 42483
  484 42484
  485 13485
  486 63486
  487 69955
  488 24488
  489 53489
  490 62490
  491 25491
  492 72490
  493 22489
  494 64494
  495 44495
  496 86495
  497 37497
  498 94497
  499 72499
  500 25497
  501 42500
  502 71498
  503 36496
  504 56504
  505 61488
  506 46496
  507 57503
  508 56497
  509 15488
  510 89510
  511 16510
  512 41505
  513 68513
  514 63514
  515 51514
  516 51513
  517 58514
  518 47518
  519 45519
  520 12512
  521 51509
  522 35522
  523 58499
  524 59520
  525 72525
  526 26526
  527 66509
  528 48508
  529 84512
  530 54493
  531 82531
  532 95532
  533 61499
  534 88526
  535 50535
  536 87515
  537 30537
  538 43514
  539 85538
  540 75519
  541 73541
  542 37541
  543 47538
  544 92544
  545 68488
  546 86546
  547 13547
  548 32546
  549 16549
  550 90549
  551 35497
  552 89537
  553 39518
  554 99554
  555 27554
  556 14556
  557 86557
  558 17556
  559 65559
  560 26560
  561 66559
  562 12561
  563 52563
  564 84564
  565 63556
  566 31810
  567 78563
  568 54685
  569 95569
  570 42569
  571 
  572 78572
  573 
  574 17574
  575 37575
  576 73576
  577 49577
  578 18575
  579 42578
  580 82576
  581 86579
  582 51581
  583 58583
  584 
  585 
  586 27586
  587 54587
  588 51588
  589 65589
  590 75590
  591 53590
  592 35592
  593 15593
  594 89591
  595 85595
  596 51596
  597 15597
  598 25598
  599 82592
  600 14596
  601 41592
  602 48602
  603 17597
  604 34604
  605 77603
  606 86586
  607 88607
  608 14608
  609 12609
  610 42609
  611 57611
  612 88612
  613 14610
  614 84613
  615 55615
  616 16608
  617 80615
  618 42618
  619 95618
  620 12620
  621 24621
  622 19622
  623 90623
  624 11623
  625 13624
  626 24626
  627 28627
  628 42628
  629 85629
  630 42630
  631 40629
  632 53632
  633 81627
  634 51629
  635 38634
  636 51636
  637 64631
  638 88631
  639 46639
  640 47640
  641 28640
  642 97642
  643 78642
  644 86644
  645 82624
  646 38646
  647 45646
  648 63629
  649 45649
  650 61649
  651 90646
  652 96634
  653 97640
  654 45633
  655 40643
  656 37642
  657 52652
  658 52658
  659 89659
  660 93659
  661 41661
  662 44662
  663 62663
  664 61663
  665 87665
  666 99658
  667 46667
  668 59658
  669 83669
  670 99670
  671 63670
  672 80670
  673 63669
  674 56674
  675 65671
  676 55676
  677 46677
  678 58678
  679 95679
  680 10662
  681 94674
  682 20682
  683 79659
  684 78684
  685 78685
  686 64686
  687 35686
  688 54619
  689 71689
  690 59689
  691 66662
  692 27690
  693 92693
  694 98693
  695 16695
  696 49611
  697 28697
  698 52698
  699 92699
  700 36700
  701 29700
  702 34700
  703 73703
  704 35704
  705 15705
  706 47704
  707 30707
  708 93706
  709 56707
  710 99710
  711 61711
  712 18712
  713 52712
  714 48714
  715 91713
  716 67716
  717 38713
  718 74718
  719 71718
  720 77719
  721 72721
  722 63721
  723 71722
  724 69724
  725 13725
  726 76721
  727 59726
  728 28723
  729 90729
  730 79729
  731 95722
  732 65731
  733 33730
  734 18734
  735 31734
  736 74736
  737 79737
  738 16738
  739 63739
  740 32738
  741 86738
  742 82724
  743 85743
  744 25743
  745 93743
  746 67744
  747 54747
  748 91743
  749 28749
  750 71750
  751 91751
  752 69750
  753 36743
  754 95754
  755 80754
  756 17755
  757 27757
  758 83757
  759 37758
  760 14757
  761 81751
  762 47762
  763 57757
  764 31747
  765 88765
  766 43766
  767 96761
  768 54755
  769 23761
  770 62745
  771 39771
  772 20772
  773 57772
  774 47774
  775 82766
  776 19720
  777 14769
  778 31778
  779 19778
  780 68779
  781 89779
  782 56782
  783 92783
  784 21780
  785 96733
  786 48786
  787 74787
  788 27786
  789 50732
  790 83790
  791 69790
  792 55792
  793 33790
  794 62794
  795 95762
  796 64796
  797 16797
  798 92746
  799 37745
  800 84800
  801 95801
  802 84802
  803 50803
  804 26803
  805 41805
  806 15804
  807 66807
  808 88807
  809 70805
  810 70810
  811 72811
  812 88810
  813 33812
  814 84807
  815 28815
  816 44812
  817 91817
  818 20818
  819 49819
  820 46820
  821 24821
  822 68822
  823 68817
  824 63819
  825 75825
  826 16825
  827 28754
  828 83756
  829 65782
  830 71783
  831 43831
  832 54831
  833 18831
  834 80834
  835 97834
  836 40835
  837 65832
  838 15838
  839 85838
  840 29831
  841 14734
  842 39833
  843 71843
  844 99844
  845 33845
  846 72844
  847 42846
  848 36847
  849 34849
  850 21846
  851 77849
  852 46852
  853 31852
  854 45852
  855 13852
  856 72843
  857 81857
  858 65857
  859 50857
  860 88857
  861 72861
  862 87861
  863 48858
  864 24807
  865 36865
  866 30866
  867 52866
  868 14868
  869 11869
  870 17870
  871 47871
  872 18871
  873 29872
  874 47860
  875 19875
  876 17875
  877 24875
  878 12877
  879 14879
  880 88880
  881 58877
  882 35876
  883 77880
  884 26883
  885 73885
  886 90885
  887 32882
  888 64888
  889 48888
  890 70890
  891 81891
  892 57892
  893 49890
  894 57894
  895 63895
  896 23896
  897 78895
  898 62898
  899 14899
  900 72900
  901 39898
  902 36902
  903 62903
  904 78904
  905 96905
  906 56906
  907 98906
  908 85905
  909 76909
  910 48908
  911 78911
  912 46912
  913 67911
  914 79914
  915 16915
  916 40915
  917 51917
  918 36910
  919 66901
  920 96920
  921 24902
  922 10922
  923 96922
  924 30924
  925 88925
  926 69926
  927 93927
  928 55926
  929 61929
  930 91928
  931 34928
  932 47932
  933 77933
  934 71922
  935 99935
  936 99936
  937 30937
  938 83938
  939 59939
  940 98935
  941 85939
  942 41942
  943 29942
  944 67944
  945 91945
  946 25946
  947 72946
  948 29948
  949 44949
  950 17950
  951 70947
  952 68950
  953 33947
  954 80951
  955 21955
  956 25953
  957 35957
  958 88945
  959 96959
  960 54960
  961 11961
  962 32962
  963 89963
  964 72963
  965 60962
  966 71966
  967 53933
  968 37968
  969 65969
  970 34948
  971 46971
  972 75972
  973 45931
  974 89974
  975 25930
  976 29976
  977 60976
  978 75946
  979 99979
  980 25980
  981 45939
  982 60982
  983 82983
  984 86983
  985 44983
  986 35947
  987 28972
  988 57946
  989 37989
  990 36989
  991 40991
  992 68990
  993 18992
  994 37994
  995 96992
  996 27974
  997 19997
  998 95997
  999 63999
