    0 95459
    1 89251
    2 89252
    3 47252
    4 35704
    5 
    6 
    7 22057
    8 57757
    9 12609
   10 85060
   11 48311
   12 49357
   13 
   14 44114
   15 72465
   16 63015
   17 70367
   18 69317
   19 95569
   20 17870
   21 12620
   22 57772
   23 44109
   24 77719
   25 17875
   26 16825
   27 55676
   28 70378
   29 
   30 75905
   31 65131
   32 90327
   33 82983
   34 96634
   35 14734
   36 65136
   37 56707
   38 29418
   39 22999
   40 72490
   41 73541
   42 40991
   43 45193
   44 
   45 84045
   46 50441
   47 19997
   48 90892
   49 72499
   50 25249
   51 67246
   52 16797
   53 39898
   54 53590
   55 86155
   56 24205
   57 45207
   58 14757
   59 15804
   60 51509
   61 65161
   62 45212
   63 52563
   64 51514
   65 21065
   66 32896
   67 66212
   68 51513
   69 95618
   70 14769
   71 76721
   72 25267
   73 11623
   74 69374
   75 13725
   76 73576
   77 67276
   78 58877
   79 71479
   80 72525
   81 89331
   82 60982
   83 56782
   84 71454
   85 37745
   86 83031
   87 30537
   88 15838
   89 65188
   90 59939
   91 
   92 21062
   93 18992
   94 99844
   95 39274
   96 53632
   97 36847
   98 71498
   99 26349
  100 17950
  101 65187
  102 41052
  103 90403
  104 
  105 34700
  106 82006
  107 66662
  108 27408
  109 89155
  110 90405
  111 47360
  112 70462
  113 23213
  114 79914
  115 16915
  116 36865
  117 60962
  118 28468
  119 
  120 84400
  121 
  122 64172
  123 
  124 84124
  125 
  126 69396
  127 19027
  128 42127
  129 95679
  130 33730
  131 80951
  132 90432
  133 62078
  134 96733
  135 50535
  136 32546
  137 45287
  138 51588
  139 82038
  140 19720
  141 83756
  142 55792
  143 57892
  144 92544
  145 66295
  146 51596
  147 54747
  148 67348
  149 57894
  150 61050
  151 63556
  152 36902
  153 52652
  154 78904
  155 81005
  156 18005
  157 67356
  158 52658
  159 78895
  160 54755
  161 78911
  162 96761
  163 77849
  164 42163
  165 22215
  166 63166
  167 60976
  168 74718
  169 37968
  170 81020
  171 63486
  172 95722
  173 14868
  174 44274
  175 94674
  176 35876
  177 62127
  178 
  179 14879
  180 51629
  181 47291
  182 
  183 82083
  184 97834
  185 99935
  186 99936
  187 74736
  188 65288
  189 37989
  190 39035
  191 51636
  192 22241
  193 32738
  194 37994
  195 25394
  196 57946
  197 71457
  198 46398
  199 34849
  200 41150
  201 80001
  202 88402
  203 73703
  204 95754
  205 88400
  206 56906
  207 98906
  208 85253
  209 86308
  210 67410
  211 43261
  212 33812
  213 52712
  214 64264
  215 22264
  216 82102
  217 10662
  218 60067
  219 83029
  220 33790
  221 92417
  222 48508
  223 93659
  224 77923
  225 75825
  226 95762
  227 49577
  228 84198
  229 99979
  230 59029
  231 54831
  232 13852
  233 77933
  234 31734
  235 98935
  236 
  237 74787
  238 75019
  239 36989
  240 84239
  241 89461
  242 82142
  243 68488
  244 79659
  245 33845
  246 66395
  247 31747
  248 61148
  249 90549
  250 
  251 43301
  252 95801
  253 52698
  254 14899
  255 64305
  256 80056
  257 30707
  258 35957
  259 76909
  260 89510
  261 67460
  262 41212
  263 68513
  264 83209
  265 
  266 49611
  267 
  268 47518
  269 26750
  270 93706
  271 72721
  272 88472
  273 
  274 63274
  275 89434
  276 26526
  277 42276
  278 31778
  279 34928
  280 
  281 55926
  282 39132
  283 97932
  284 27554
  285 79021
  286 27586
  287 58947
  288 47538
  289 71689
  290 28640
  291 25491
  292 38078
  293 24443
  294 93743
  295 58040
  296 46496
  297 25497
  298 92693
  299 80098
  300 29700
  301 24446
  302 48602
  303 34948
  304 92699
  305 96905
  306 20226
  307 28627
  308 40207
  309 85884
  310 26560
  311 22361
  312 80112
  313 
  314 51258
  315 31810
  316 40012
  317 63317
  318 71718
  319 84319
  320 96920
  321 66471
  322 82222
  323 90623
  324 11869
  325 20274
  326 65426
  327 71722
  328 13978
  329 
  330 
  331 45476
  332 12877
  333 82232
  334 39959
  335 97166
  336 39186
  337 50732
  338 24488
  339 
  340 81190
  341 62291
  342 89591
  343 23442
  344 84059
  345 18195
  346 90646
  347 84347
  348 28697
  349 81199
  350 71750
  351 75946
  352 31852
  353 21348
  354 
  355 21341
  356 88526
  357 88272
  358 
  359 96959
  360 62309
  361 72811
  362 39212
  363 91713
  364 66509
  365 54960
  366 52866
  367 22416
  368 
  369 45519
  370 38169
  371 21366
  372 75972
  373 61273
  374 39224
  375 64425
  376 62325
  377 44477
  378 28723
  379 87515
  380 75975
  381 45931
  382 14027
  383 92783
  384 42383
  385 73885
  386 
  387 35947
  388 14033
  389 40288
  390 47640
  391 22441
  392 96992
  393 91743
  394 72844
  395 44495
  396 86495
  397 37147
  398 25598
  399 28749
  400 77045
  401 91751
  402 33947
  403 50803
  404 28754
  405 36105
  406 62356
  407 88607
  408 84378
  409 89659
  410 40310
  411 21411
  412 88612
  413 32962
  414 48714
  415 81265
  416 72861
  417 30866
  418 87988
  419 15119
  420 97020
  421 13016
  422 10922
  423 81259
  424 69724
  425 11961
  426 24807
  427 20377
  428 55028
  429 90729
  430 59195
  431 14081
  432 88631
  433 98028
  434 16170
  435 19335
  436 29831
  437 24902
  438 53933
  439 22489
  440 46639
  441 
  442 
  443 71843
  444 64494
  445 60295
  446 21446
  447 86546
  448 95997
  449 79198
  450 99095
  451 72900
  452 39297
  453 80288
  454 47704
  455 69750
  456 70805
  457 27757
  458 39308
  459 65559
  460 70810
  461 14056
  462 96922
  463 55063
  464 66559
  465 78165
  466 39316
  467 46667
  468 56118
  469 57169
  470 49819
  471 24621
  472 91817
  473 84473
  474 30924
  475 59274
  476 24626
  477 76077
  478 93927
  479 83424
  480 86579
  481 18326
  482 46677
  483 45633
  484 83434
  485 42484
  486 35045
  487 30937
  488 56138
  489 65589
  490 69790
  491 39341
  492 56137
  493 35138
  494 33044
  495 14145
  496 98146
  497 72946
  498 
  499 45649
  500 42500
  501 80300
  502 29872
  503 25197
  504 96049
  505 82314
  506 
  507 
  508 
  509 56159
  510 45646
  511 14161
  512 47762
  513 53012
  514 63514
  515 87665
  516 67716
  517 57187
  518 72963
  519 55119
  520 28815
  521 12066
  522 19417
  523 71922
  524 47774
  525 41474
  526 99226
  527 38327
  528 95028
  529 68779
  530 18380
  531 54081
  532 35181
  533 96082
  534 59334
  535 37284
  536 54932
  537 59246
  538 98188
  539 42420
  540 62490
  541 70890
  542 29942
  543 25743
  544 86644
  545 85595
  546 
  547 79297
  548 29948
  549 67744
  550 60260
  551 76997
  552 57247
  553 26803
  554 49890
  555 80355
  556 41505
  557 33106
  558 51917
  559 99259
  560 37310
  561 74047
  562 44662
  563 73013
  564 84564
  565 88765
  566 71966
  567 68817
  568 35217
  569 97164
  570 42569
  571 65671
  572 68822
  573 
  574 42483
  575 58325
  576 75126
  577 16297
  578 34177
  579 12129
  580 85629
  581 29976
  582 15252
  583 42578
  584 89779
  585 36285
  586 64631
  587 32087
  588 60437
  589 73038
  590 52026
  591 53077
  592 17392
  593 78292
  594 92964
  595 91945
  596 17192
  597 70947
  598 35248
  599 61499
  600 83955
  601 57301
  602 61488
  603 96153
  604 39453
  605 78305
  606 74105
  607 88807
  608 48908
  609 42609
  610 88810
  611 59397
  612 91948
  613 77263
  614 84613
  615 90885
  616 39466
  617 12137
  618 42618
  619 31069
  620 46820
  621 47871
  622 95113
  623 28972
  624 51024
  625 10070
  626 69926
  627 37377
  628 42628
  629 58379
  630 42630
  631 82531
  632 10077
  633 91928
  634 63629
  635 
  636 64686
  637 51581
  638 86738
  639 56254
  640 53140
  641 15327
  642 52092
  643 41592
  644 
  645 65731
  646 
  647 54197
  648 52068
  649 91999
  650 37400
  651 89537
  652 46852
  653 17453
  654 43514
  655 69955
  656 76226
  657 66807
  658 88857
  659 11159
  660 96119
  661 80461
  662 38462
  663 26883
  664 14314
  665 47860
  666 97062
  667 78366
  668 99368
  669 63669
  670 63670
  671 53170
  672 24821
  673 59473
  674 98319
  675 23761
  676 82576
  677 39518
  678 72843
  679 27974
  680 88880
  681 54176
  682 52132
  683 47932
  684 32184
  685 76000
  686 82080
  687 65782
  688 99388
  689 14339
  690 48786
  691 
  692 71042
  693 85743
  694 12244
  695 14060
  696 32882
  697 82592
  698 90998
  699 15114
  700 91000
  701 72101
  702 45852
  703 30103
  704 11204
  705 68950
  706 28006
  707 
  708 93143
  709 55024
  710 31155
  711 67911
  712 46912
  713 89963
  714 62663
  715 34315
  716 43766
  717 50066
  718 13313
  719 83669
  720 95219
  721 63721
  722 19622
  723 10168
  724 89974
  725 88925
  726 18575
  727 55123
  728 53228
  729 40629
  730 24875
  731 25930
  732 20682
  733 55332
  734 53220
  735 34321
  736 87970
  737 65832
  738 56388
  739 63739
  740 68990
  741 41661
  742 54292
  743 96288
  744 94164
  745 67944
  746 64796
  747 37497
  748 40643
  749 61649
  750 93150
  751 77396
  752 66901
  753 25953
  754 82624
  755 78454
  756 74256
  757 65857
  758 33308
  759 88945
  760 25946
  761 53261
  762 51161
  763 61663
  764 58514
  765 16510
  766 87861
  767 44812
  768 71783
  769 48014
  770 17556
  771 46971
  772 84807
  773 85538
  774 54324
  775 59520
  776 71096
  777 81627
  778 49078
  779 78479
  780 25980
  781 43831
  782 74282
  783 74283
  784 56404
  785 94230
  786 97386
  787 44873
  788 85838
  789 15488
  790 45939
  791 37541
  792 48888
  793 37642
  794 10244
  795 62745
  796 23896
  797 11296
  798 17597
  799 16549
  800 84800
  801 36496
  802 84802
  803 48053
  804 34403
  805 11275
  806 69056
  807 83757
  808 57503
  809 85040
  810 36910
  811 61711
  812 13412
  813 96363
  814 32314
  815 78460
  816 26015
  817 48067
  818 
  819 48069
  820 63819
  821 53321
  822 20772
  823 
  824 82724
  825 37575
  826 
  827 93227
  828 
  829 97429
  830 26030
  831 93231
  832 95331
  833 58583
  834 38634
  835 21780
  836 47036
  837 91137
  838 64888
  839 63469
  840 83790
  841 13071
  842 86557
  843 48858
  844 62794
  845 12395
  846 38646
  847 42846
  848 33397
  849 44949
  850 68049
  851 21846
  852 56497
  853 93253
  854 56504
  855 41805
  856 85905
  857 11357
  858 16608
  859 29204
  860 92205
  861 35497
  862 18712
  863 59658
  864 13450
  865 17574
  866 82766
  867 16892
  868 20818
  869 65969
  870 80670
  871 27786
  872 28172
  873 25023
  874 61410
  875 27095
  876 26075
  877 35522
  878 19778
  879 33399
  880 93140
  881 46026
  882 31332
  883 95383
  884 18734
  885 13485
  886 78572
  887 64882
  888 88038
  889 85939
  890 23985
  891 
  892 67042
  893 15593
  894 59689
  895 30295
  896 63895
  897 71247
  898 15597
  899 33449
  900 87000
  901 81751
  902 73347
  903 
  904 28064
  905 25055
  906 14556
  907 67057
  908 95408
  909 55454
  910 89110
  911 57611
  912 
  913 86983
  914 35179
  915 77880
  916 
  917 74277
  918 38713
  919 
  920 51306
  921 39771
  922 54471
  923 26122
  924 26124
  925 75384
  926 59726
  927 51327
  928 58678
  929 93328
  930 22925
  931 
  932 86586
  933 
  934 
  935 40835
  936 12456
  937 34446
  938 44983
  939 32439
  940 47139
  941 92291
  942 35592
  943 78642
  944 88093
  945 16695
  946 95446
  947 73392
  948 50298
  949 62898
  950 44995
  951 25101
  952 11452
  953 58499
  954 44004
  955 21955
  956 24055
  957 54493
  958 14608
  959 80754
  960 53460
  961 26160
  962 12512
  963 50857
  964 94414
  965 14610
  966 25111
  967 62903
  968 24038
  969 17755
  970 99670
  971 32470
  972 99658
  973 66072
  974 75519
  975 19875
  976 14596
  977 73427
  978 31427
  979 70279
  980 86025
  981 18831
  982 32097
  983 77603
  984 78684
  985 78685
  986 92306
  987 79737
  988 83938
  989 53489
  990 
  991 
  992 41942
  993 16738
  994 99554
  995 27245
  996 92746
  997 74442
  998 27248
  999 63999
 1000 65049
 1001 46151
 1002 13547
 1003 78563
 1004 34604
 1005 15705
 1006 45101
 1007 81857
 1008 37758
 1009 79729
 1010 46160
 1011 99710
 1012 12561
 1013 39833
 1014 36700
 1015 40915
 1016 55615
 1017 43016
 1018 84512
 1019 80615
 1020 27690
 1021 88171
 1022 18871
 1023 44933
 1024 56674
 1025 13624
 1026 48221
 1027 68227
 1028 87127
 1029 61929
 1030 54685
 1031 92381
 1032 88182
 1033 93433
 1034 80834
 1035 70131
 1036 35686
 1037 95532
 1038 54587
 1039 54619
 1040 75590
 1041 92391
 1042 97642
 1043 64042
 1044 36743
 1045 97640
 1046 81891
 1047 94497
 1048 98693
 1049 69095
