    0 
    1 89251
    2 89252
    3 47252
    4 35704
    5 39898
    6 85040
    7 22057
    8 57757
    9 12609
   10 85060
   11 48311
   12 44109
   13 49357
   14 44114
   15 72465
   16 63015
   17 70367
   18 69317
   19 95569
   20 17870
   21 77719
   22 57772
   23 12620
   24 16797
   25 17875
   26 16825
   27 55676
   28 70378
   29 90327
   30 92417
   31 65131
   32 56707
   33 82983
   34 96634
   35 14734
   36 65136
   37 54619
   38 25197
   39 29418
   40 72490
   41 73541
   42 40991
   43 50441
   44 53590
   45 84045
   46 45193
   47 19997
   48 67246
   49 72499
   50 25249
   51 34700
   52 47291
   53 
   54 15804
   55 86155
   56 24205
   57 45207
   58 14757
   59 51509
   60 71454
   61 65161
   62 45212
   63 52563
   64 51514
   65 21065
   66 66212
   67 51513
   68 25267
   69 21062
   70 95618
   71 76721
   72 60962
   73 11623
   74 71457
   75 13725
   76 73576
   77 67276
   78 72525
   79 58877
   80 71479
   81 89331
   82 60982
   83 83031
   84 56782
   85 53632
   86 60976
   87 30537
   88 15838
   89 65188
   90 59939
   91 65187
   92 18992
   93 88272
   94 99844
   95 84059
   96 69396
   97 36847
   98 71498
   99 14769
  100 17950
  101 80951
  102 41052
  103 90403
  104 83029
  105 90405
  106 82006
  107 26349
  108 27408
  109 16892
  110 47360
  111 69374
  112 70462
  113 23213
  114 79914
  115 16915
  116 36865
  117 40012
  118 28468
  119 39959
  120 54685
  121 
  122 64172
  123 
  124 84124
  125 
  126 
  127 19027
  128 42127
  129 95679
  130 33730
  131 62078
  132 90432
  133 96733
  134 51581
  135 50535
  136 
  137 45287
  138 51588
  139 82038
  140 
  141 
  142 55792
  143 57892
  144 92544
  145 66295
  146 51596
  147 54747
  148 57894
  149 67348
  150 61050
  151 77849
  152 36902
  153 78895
  154 78904
  155 81005
  156 18005
  157 67356
  158 52658
  159 54755
  160 36910
  161 78911
  162 96761
  163 10662
  164 42163
  165 22215
  166 63166
  167 58947
  168 74718
  169 37968
  170 81020
  171 14868
  172 95722
  173 52652
  174 44274
  175 94674
  176 35876
  177 62127
  178 
  179 14879
  180 51629
  181 82080
  182 77880
  183 82083
  184 97834
  185 99935
  186 99936
  187 74736
  188 65288
  189 37989
  190 32738
  191 51636
  192 22241
  193 89434
  194 37994
  195 25394
  196 39035
  197 33790
  198 46398
  199 34849
  200 41150
  201 80001
  202 88402
  203 73703
  204 95754
  205 85253
  206 56906
  207 98906
  208 86308
  209 82102
  210 67410
  211 93659
  212 33812
  213 52712
  214 64264
  215 22264
  216 43261
  217 13852
  218 48508
  219 84198
  220 14899
  221 52698
  222 89461
  223 57946
  224 95762
  225 75825
  226 88400
  227 49577
  228 77923
  229 99979
  230 59029
  231 54831
  232 60067
  233 77933
  234 31734
  235 98935
  236 
  237 74787
  238 68488
  239 36989
  240 84239
  241 
  242 82142
  243 
  244 
  245 33845
  246 66395
  247 31747
  248 61148
  249 90549
  250 35947
  251 43301
  252 95801
  253 
  254 27554
  255 64305
  256 80056
  257 30707
  258 35957
  259 76909
  260 89510
  261 67460
  262 41212
  263 68513
  264 93706
  265 83209
  266 49611
  267 
  268 47518
  269 
  270 
  271 72721
  272 88472
  273 79021
  274 63274
  275 
  276 26526
  277 42276
  278 31778
  279 55926
  280 28627
  281 12877
  282 39132
  283 20226
  284 34928
  285 97932
  286 27586
  287 38078
  288 47538
  289 71689
  290 28640
  291 25491
  292 58040
  293 24443
  294 93743
  295 92693
  296 46496
  297 25497
  298 80098
  299 92699
  300 29700
  301 34948
  302 48602
  303 24446
  304 89537
  305 96905
  306 75905
  307 40207
  308 
  309 
  310 26560
  311 22361
  312 80112
  313 31810
  314 
  315 
  316 
  317 63317
  318 71718
  319 84319
  320 96920
  321 11869
  322 82222
  323 90623
  324 71722
  325 96922
  326 65426
  327 45476
  328 66471
  329 88526
  330 13978
  331 20274
  332 82232
  333 50732
  334 54932
  335 32882
  336 39186
  337 
  338 24488
  339 
  340 81190
  341 62291
  342 89591
  343 23442
  344 21341
  345 18195
  346 90646
  347 84347
  348 28697
  349 81199
  350 71750
  351 33947
  352 31852
  353 75946
  354 76997
  355 21348
  356 92746
  357 32896
  358 
  359 96959
  360 62309
  361 72811
  362 54960
  363 39212
  364 66509
  365 91713
  366 52866
  367 22416
  368 21366
  369 45519
  370 38169
  371 87515
  372 75972
  373 61273
  374 39224
  375 28723
  376 64425
  377 44477
  378 14027
  379 62325
  380 84378
  381 98028
  382 75975
  383 92783
  384 42383
  385 73885
  386 14033
  387 53933
  388 40288
  389 71783
  390 47640
  391 22441
  392 96992
  393 91743
  394 72844
  395 44495
  396 86495
  397 77045
  398 25598
  399 99095
  400 37147
  401 91751
  402 28749
  403 50803
  404 35045
  405 36105
  406 62356
  407 88607
  408 14056
  409 89659
  410 40310
  411 21411
  412 88612
  413 72861
  414 48714
  415 81265
  416 30866
  417 11961
  418 32962
  419 15119
  420 97020
  421 82314
  422 10922
  423 81259
  424 69724
  425 66559
  426 15114
  427 20377
  428 55028
  429 90729
  430 13016
  431 14081
  432 88631
  433 29831
  434 16170
  435 19335
  436 60260
  437 55024
  438 14060
  439 22489
  440 46639
  441 17192
  442 28754
  443 71843
  444 64494
  445 60295
  446 21446
  447 86546
  448 95997
  449 39297
  450 72900
  451 69750
  452 59246
  453 59195
  454 47704
  455 70805
  456 76000
  457 27757
  458 39308
  459 65559
  460 70810
  461 86557
  462 50857
  463 55063
  464 97062
  465 78165
  466 39316
  467 46667
  468 56118
  469 57169
  470 49819
  471 91817
  472 24621
  473 28815
  474 30924
  475 59274
  476 24626
  477 76077
  478 93927
  479 46677
  480 18326
  481 83424
  482 84473
  483 86579
  484 83434
  485 42484
  486 48786
  487 30937
  488 56138
  489 65589
  490 56137
  491 69790
  492 39341
  493 57187
  494 33044
  495 14145
  496 98146
  497 72946
  498 45646
  499 45649
  500 42500
  501 80300
  502 51917
  503 96049
  504 35138
  505 27786
  506 45633
  507 42483
  508 43514
  509 56159
  510 61410
  511 14161
  512 47762
  513 53012
  514 63514
  515 87665
  516 67716
  517 72963
  518 19417
  519 55119
  520 84512
  521 12066
  522 71922
  523 29872
  524 47774
  525 41474
  526 99226
  527 38327
  528 95028
  529 68779
  530 18380
  531 54081
  532 89779
  533 35181
  534 59334
  535 37284
  536 96082
  537 35179
  538 98188
  539 86586
  540 62490
  541 70890
  542 49890
  543 25743
  544 86644
  545 85595
  546 67744
  547 79297
  548 29948
  549 57247
  550 74047
  551 16297
  552 15252
  553 26803
  554 29942
  555 80355
  556 41505
  557 33106
  558 48858
  559 99259
  560 37310
  561 85538
  562 44662
  563 73013
  564 84564
  565 88765
  566 71966
  567 68817
  568 35217
  569 97164
  570 42569
  571 65671
  572 68822
  573 75019
  574 13071
  575 58325
  576 75126
  577 34177
  578 29976
  579 12129
  580 85629
  581 64631
  582 42578
  583 91928
  584 53077
  585 36285
  586 52026
  587 32087
  588 60437
  589 73038
  590 61488
  591 12137
  592 17392
  593 78292
  594 96119
  595 91945
  596 90885
  597 70947
  598 35248
  599 61499
  600 59397
  601 57301
  602 32097
  603 96153
  604 39453
  605 78305
  606 74105
  607 88807
  608 48908
  609 42609
  610 88810
  611 91948
  612 48888
  613 77263
  614 84613
  615 95113
  616 63469
  617 97166
  618 42618
  619 31069
  620 46820
  621 47871
  622 10070
  623 28972
  624 51024
  625 55123
  626 69926
  627 37377
  628 42628
  629 58379
  630 42630
  631 82531
  632 76226
  633 63629
  634 10077
  635 65731
  636 64686
  637 54176
  638 86738
  639 15327
  640 53140
  641 26883
  642 52092
  643 41592
  644 39466
  645 56254
  646 90892
  647 54197
  648 80288
  649 91999
  650 37400
  651 63556
  652 46852
  653 17453
  654 92964
  655 72843
  656 79198
  657 66807
  658 88857
  659 11159
  660 52068
  661 80461
  662 38462
  663 23761
  664 14314
  665 24807
  666 78366
  667 63486
  668 99368
  669 63669
  670 63670
  671 53170
  672 24821
  673 59473
  674 98319
  675 27974
  676 82576
  677 39518
  678 84400
  679 66662
  680 88880
  681 39274
  682 52132
  683 47932
  684 32184
  685 65782
  686 47860
  687 26750
  688 99388
  689 14339
  690 27690
  691 42420
  692 71042
  693 85743
  694 12244
  695 82592
  696 69955
  697 
  698 90998
  699 
  700 91000
  701 72101
  702 45852
  703 30103
  704 11204
  705 68950
  706 28006
  707 31155
  708 
  709 
  710 
  711 67911
  712 46912
  713 89963
  714 62663
  715 34315
  716 43766
  717 13313
  718 94164
  719 83669
  720 95219
  721 63721
  722 19622
  723 53220
  724 89974
  725 88925
  726 18575
  727 24875
  728 53228
  729 40629
  730 10168
  731 41661
  732 20682
  733 55332
  734 50066
  735 82624
  736 34321
  737 87861
  738 56388
  739 63739
  740 68990
  741 96288
  742 54292
  743 65832
  744 67944
  745 59520
  746 64796
  747 37497
  748 77396
  749 25946
  750 71096
  751 93150
  752 61649
  753 25953
  754 58499
  755 88945
  756 74256
  757 65857
  758 33308
  759 17556
  760 16510
  761 53261
  762 51161
  763 61663
  764 58514
  765 48014
  766 93140
  767 25930
  768 78454
  769 66901
  770 78460
  771 46971
  772 44812
  773 28064
  774 54324
  775 17574
  776 40643
  777 81627
  778 49078
  779 78479
  780 25980
  781 43831
  782 74282
  783 74283
  784 94230
  785 74277
  786 97386
  787 45931
  788 85838
  789 15488
  790 21780
  791 37541
  792 45939
  793 24902
  794 10244
  795 62745
  796 23896
  797 11296
  798 36496
  799 16549
  800 17597
  801 84800
  802 84802
  803 48053
  804 34403
  805 57503
  806 69056
  807 83757
  808 84807
  809 11275
  810 83756
  811 61711
  812 13412
  813 96363
  814 32314
  815 26015
  816 80615
  817 48067
  818 56404
  819 48069
  820 63819
  821 53321
  822 20772
  823 19720
  824 82724
  825 37575
  826 87970
  827 93227
  828 44873
  829 97429
  830 26030
  831 93231
  832 95331
  833 58583
  834 38634
  835 75384
  836 47036
  837 91137
  838 64888
  839 87988
  840 83790
  841 70131
  842 85884
  843 64882
  844 62794
  845 12395
  846 38646
  847 42846
  848 33397
  849 44949
  850 68049
  851 27095
  852 56497
  853 21846
  854 56504
  855 41805
  856 29204
  857 11357
  858 85905
  859 55454
  860 92205
  861 13450
  862 18712
  863 93253
  864 16608
  865 34446
  866 69095
  867 59658
  868 20818
  869 65969
  870 80670
  871 82766
  872 28172
  873 25023
  874 35522
  875 26075
  876 46026
  877 78572
  878 19778
  879 51258
  880 35497
  881 33399
  882 31332
  883 95383
  884 18734
  885 13485
  886 86983
  887 44983
  888 88038
  889 85939
  890 23985
  891 22925
  892 67042
  893 15593
  894 99554
  895 30295
  896 63895
  897 71247
  898 15597
  899 73347
  900 87000
  901 81751
  902 33449
  903 37642
  904 59689
  905 25055
  906 14556
  907 67057
  908 51306
  909 12456
  910 89110
  911 57611
  912 95408
  913 38713
  914 79659
  915 44995
  916 44933
  917 93143
  918 78563
  919 
  920 
  921 39771
  922 54471
  923 26122
  924 26124
  925 
  926 59726
  927 51327
  928 58678
  929 93328
  930 
  931 
  932 
  933 
  934 
  935 40835
  936 
  937 
  938 24038
  939 32439
  940 47139
  941 92291
  942 35592
  943 78642
  944 73392
  945 16695
  946 95446
  947 88093
  948 50298
  949 62898
  950 14596
  951 25101
  952 11452
  953 13547
  954 44004
  955 21955
  956 80754
  957 24055
  958 17755
  959 14608
  960 53460
  961 26160
  962 14610
  963 12512
  964 89155
  965 62903
  966 99658
  967 54493
  968 77603
  969 74442
  970 99670
  971 32470
  972 66072
  973 92306
  974 94414
  975 19875
  976 86025
  977 73427
  978 31427
  979 70279
  980 79729
  981 18831
  982 95459
  983 75519
  984 78684
  985 78685
  986 48221
  987 79737
  988 83938
  989 53489
  990 16738
  991 39833
  992 41942
  993 25111
  994 22999
  995 27245
  996 37745
  997 
  998 27248
  999 63999
 1000 65049
 1001 46151
 1002 36700
 1003 45101
 1004 34604
 1005 15705
 1006 83955
 1007 81857
 1008 37758
 1009 
 1010 46160
 1011 99710
 1012 12561
 1013 
 1014 
 1015 40915
 1016 55615
 1017 43016
 1018 
 1019 
 1020 
 1021 88171
 1022 18871
 1023 
 1024 56674
 1025 13624
 1026 
 1027 68227
 1028 87127
 1029 61929
 1030 
 1031 92381
 1032 88182
 1033 93433
 1034 80834
 1035 95532
 1036 35686
 1037 54587
 1038 
 1039 
 1040 75590
 1041 92391
 1042 97642
 1043 64042
 1044 36743
 1045 81891
 1046 98693
 1047 94497
 1048 32546
 1049 97640
