    0 72900
    1 29700
    2 48602
    3 93150
    4 47252
    5 78305
    6 81005
    7 74256
    8 52658
    9 51306
   10 85060
   11 17556
   12 89110
   13 79659
   14 56707
   15 52652
   16 
   17 91817
   18 14868
   19 31069
   20 81020
   21 63469
   22 
   23 
   24 17574
   25 20274
   26 
   27 62127
   28 51327
   29 14879
   30 74277
   31 45931
   32 74282
   33 74283
   34 
   35 99935
   36 99936
   37 39186
   38 35138
   39 32439
   40 45939
   41 47291
   42 33790
   43 63486
   44 
   45 
   46 72946
   47 36496
   48 13547
   49 17597
   50 14899
   51 52698
   52 76997
   53 22999
   54 
   55 89155
   56 83756
   57 83757
   58 
   59 
   60 
   61 43261
   62 66212
   63 33812
   64 63514
   65 39212
   66 52712
   67 72963
   68 78366
   69 
   70 32470
   71 
   72 
   73 59473
   74 39224
   75 
   76 
   77 93227
   78 
   79 99979
   80 70279
   81 93231
   82 56782
   83 54081
   84 79729
   85 35181
   86 35179
   87 79737
   88 64888
   89 64882
   90 83790
   91 
   92 41942
   93 25743
   94 12244
   95 86495
   96 33845
   97 77045
   98 16297
   99 27095
  100 68950
  101 43301
  102 18992
  103 93253
  104 55454
  105 90549
  106 63556
  107 31155
  108 
  109 
  110 47360
  111 87861
  112 44662
  113 73013
  114 48714
  115 
  116 50066
  117 35217
  118 28468
  119 
  120 59520
  121 
  122 10922
  123 
  124 13624
  125 39274
  126 46026
  127 20377
  128 19027
  129 40629
  130 91928
  131 29831
  132 
  133 
  134 
  135 
  136 
  137 
  138 73038
  139 71689
  140 68990
  141 
  142 
  143 24443
  144 98693
  145 91945
  146 86546
  147 95997
  148 39297
  149 66295
  150 35248
  151 89251
  152 89252
  153 32546
  154 24446
  155 78454
  156 91948
  157 86557
  158 39308
  159 40643
  160 78460
  161 
  162 
  163 
  164 
  165 
  166 39316
  167 70367
  168 71718
  169 37968
  170 
  171 
  172 71722
  173 90623
  174 94674
  175 29872
  176 54176
  177 
  178 70378
  179 78479
  180 93328
  181 82531
  182 63629
  183 86579
  184 21780
  185 
  186 97386
  187 48786
  188 24488
  189 37989
  190 81190
  191 62291
  192 39341
  193 74442
  194 37994
  195 86586
  196 90646
  197 54197
  198 33947
  199 81199
  200 71750
  201 91999
  202 96049
  203 85253
  204 
  205 17755
  206 56906
  207 69056
  208 
  209 62309
  210 51509
  211 
  212 60962
  213 51513
  214 51514
  215 
  216 67716
  217 52866
  218 
  219 63669
  220 63670
  221 87970
  222 
  223 
  224 
  225 13725
  226 75825
  227 82576
  228 60976
  229 97429
  230 62325
  231 89331
  232 60982
  233 96082
  234 71783
  235 
  236 
  237 
  238 83938
  239 87988
  240 
  241 
  242 82592
  243 29942
  244 86644
  245 27245
  246 67744
  247 12395
  248 27248
  249 65049
  250 29948
  251 46151
  252 36700
  253 21846
  254 69095
  255 66395
  256 62356
  257 83955
  258 59658
  259 81259
  260 46160
  261 48858
  262 70462
  263 23213
  264 79914
  265 81265
  266 55615
  267 15114
  268 47518
  269 15119
  270 96119
  271 63721
  272 78572
  273 44812
  274 82624
  275 58325
  276 29976
  277 28627
  278 42127
  279 90729
  280 25930
  281 38078
  282 31332
  283 93433
  284 51581
  285 78563
  286 
  287 
  288 88038
  289 63739
  290 28640
  291 51588
  292 54292
  293 71843
  294 36743
  295 47538
  296 51596
  297 25946
  298 48888
  299 59689
  300 61050
  301 
  302 
  303 96153
  304 39453
  305 25953
  306 12456
  307 75905
  308 48908
  309 
  310 16510
  311 
  312 
  313 77263
  314 43514
  315 42163
  316 39466
  317 
  318 
  319 
  320 17870
  321 24621
  322 66471
  323 44873
  324 54324
  325 17875
  326 24626
  327 55676
  328 59726
  329 58379
  330 25980
  331 65131
  332 51629
  333 
  334 89434
  335 40835
  336 65136
  337 51636
  338 32738
  339 86738
  340 
  341 
  342 78642
  343 88093
  344 
  345 84045
  346 75946
  347 28697
  348 50298
  349 16549
  350 
  351 80001
  352 13852
  353 
  354 
  355 21955
  356 98906
  357 
  358 
  359 11159
  360 66509
  361 65161
  362 53012
  363 12512
  364 89461
  365 84059
  366 26015
  367 
  368 39518
  369 38169
  370 63819
  371 
  372 75972
  373 28723
  374 71922
  375 82724
  376 75975
  377 31427
  378 
  379 
  380 26030
  381 
  382 
  383 44933
  384 78684
  385 78685
  386 98935
  387 65187
  388 65188
  389 
  390 62490
  391 47640
  392 
  393 
  394 
  395 
  396 
  397 36847
  398 61148
  399 44949
  400 28749
  401 17950
  402 15252
  403 30103
  404 11204
  405 92205
  406 80056
  407 35497
  408 16608
  409 66559
  410 89510
  411 67911
  412 12561
  413 27408
  414 28754
  415 40915
  416 71966
  417 36865
  418 82766
  419 76000
  420 
  421 88171
  422 35522
  423 
  424 84124
  425 26075
  426 42276
  427 34177
  428 53077
  429 
  430 
  431 
  432 20682
  433 88182
  434 44983
  435 19335
  436 90885
  437 89537
  438 96288
  439 
  440 97640
  441 
  442 97642
  443 55792
  444 67944
  445 63895
  446 77396
  447 73347
  448 80098
  449 58499
  450 44995
  451 90892
  452 36902
  453 
  454 47704
  455 18005
  456 
  457 22057
  458 
  459 12609
  460 36910
  461 
  462 80112
  463 
  464 58514
  465 28815
  466 
  467 69317
  468 74718
  469 57169
  470 12620
  471 54471
  472 26122
  473 
  474 26124
  475 11275
  476 
  477 76077
  478 49078
  479 15327
  480 13978
  481 
  482 32882
  483 
  484 
  485 
  486 74736
  487 57187
  488 65288
  489 85538
  490 53140
  491 40991
  492 50441
  493 35592
  494 92291
  495 16695
  496 11296
  497 89591
  498 46398
  499 73392
  500 23442
  501 84198
  502 54493
  503 32896
  504 
  505 
  506 92306
  507 24807
  508 
  509 93659
  510 26160
  511 
  512 47762
  513 96363
  514 66662
  515 
  516 
  517 19417
  518 
  519 
  520 53170
  521 24821
  522 20772
  523 61273
  524 47774
  525 88272
  526 69374
  527 73427
  528 95028
  529 38327
  530 14027
  531 
  532 
  533 42383
  534 14033
  535 58583
  536 
  537 74787
  538 16738
  539 36989
  540 84239
  541 59939
  542 
  543 
  544 
  545 85595
  546 99095
  547 57247
  548 90998
  549 63999
  550 68049
  551 72101
  552 41052
  553 91000
  554 45101
  555 69396
  556 93706
  557 11357
  558 14056
  559 89659
  560 14060
  561 27554
  562 32962
  563 62663
  564 
  565 34315
  566 43766
  567 
  568 20818
  569 
  570 53220
  571 34321
  572 42420
  573 
  574 
  575 24875
  576 55926
  577 
  578 53228
  579 85629
  580 
  581 14081
  582 92381
  583 86983
  584 
  585 50535
  586 35686
  587 27586
  588 54587
  589 
  590 
  591 92391
  592 64042
  593 93743
  594 
  595 30295
  596 46496
  597 78895
  598 16797
  599 
  600 87000
  601 57301
  602 24902
  603 
  604 35704
  605 78904
  606 70805
  607 
  608 
  609 
  610 70810
  611 53261
  612 78911
  613 95113
  614 47860
  615 22215
  616 
  617 51917
  618 92417
  619 84319
  620 10070
  621 39771
  622 47871
  623 28972
  624 54619
  625 16825
  626 65426
  627 81627
  628 58678
  629 76226
  630 10077
  631 43831
  632 
  633 82983
  634 97834
  635 42484
  636 42483
  637 
  638 15488
  639 80288
  640 
  641 73541
  642 22241
  643 45193
  644 33044
  645 14145
  646 18195
  647 84347
  648 62745
  649 
  650 42500
  651 80300
  652 88402
  653 11452
  654 34403
  655 41150
  656 77603
  657 66807
  658 45207
  659 88400
  660 61410
  661 14161
  662 38462
  663 45212
  664 22264
  665 
  666 
  667 60067
  668 
  669 
  670 
  671 53321
  672 
  673 
  674 
  675 
  676 73576
  677 99226
  678 84378
  679 89779
  680 83029
  681 83031
  682 47932
  683 39833
  684 31734
  685 54685
  686 
  687 91137
  688 
  689 
  690 70890
  691 27690
  692 16892
  693 85743
  694 62794
  695 
  696 34446
  697 37147
  698 31747
  699 26349
  700 84400
  701 
  702 
  703 
  704 
  705 80355
  706 33106
  707 
  708 
  709 99259
  710 
  711 
  712 41212
  713 
  714 
  715 16915
  716 
  717 
  718 10168
  719 95219
  720 42569
  721 79021
  722 88472
  723 19622
  724 25023
  725 64172
  726 52026
  727 68227
  728 31778
  729 87127
  730 12877
  731 42578
  732 97932
  733 
  734 
  735 
  736 
  737 45287
  738 61488
  739 46639
  740 
  741 
  742 
  743 15593
  744 92544
  745 
  746 
  747 54747
  748 15597
  749 70947
  750 61499
  751 81751
  752 39898
  753 66901
  754 
  755 25055
  756 54755
  757 27757
  758 49357
  759 42609
  760 65559
  761 22361
  762 31810
  763 
  764 48014
  765 
  766 
  767 46667
  768 56118
  769 42618
  770 77719
  771 75019
  772 52068
  773 84473
  774 
  775 
  776 18326
  777 93927
  778 46677
  779 42628
  780 42630
  781 35876
  782 88526
  783 50732
  784 96634
  785 
  786 27786
  787 56137
  788 85838
  789 56138
  790 65589
  791 
  792 52092
  793 
  794 10244
  795 
  796 
  797 
  798 62898
  799 
  800 
  801 25101
  802 31852
  803 73703
  804 44004
  805 48053
  806 57503
  807 62903
  808 
  809 56159
  810 53460
  811 80461
  812 21062
  813 23761
  814 64264
  815 21065
  816 14314
  817 22416
  818 99368
  819 48069
  820 48067
  821 84512
  822 19720
  823 11623
  824 39959
  825 25111
  826 
  827 58877
  828 98028
  829 
  830 18380
  831 54831
  832 52132
  833 95331
  834 38634
  835 37284
  836 85884
  837 30537
  838 99388
  839 53489
  840 14339
  841 22441
  842 71042
  843 
  844 
  845 
  846 38646
  847 35947
  848 
  849 
  850 
  851 
  852 
  853 50803
  854 29204
  855 15705
  856 64305
  857 81857
  858 88607
  859 85905
  860 37310
  861 34604
  862 88612
  863 89963
  864 84564
  865 35957
  866 13016
  867 60260
  868 83209
  869 40012
  870 
  871 65671
  872 
  873 
  874 69724
  875 89974
  876 26526
  877 75126
  878 19778
  879 
  880 
  881 88631
  882 
  883 95383
  884 96733
  885 
  886 
  887 
  888 
  889 22489
  890 85939
  891 81891
  892 67042
  893 92693
  894 
  895 60295
  896 71096
  897 58947
  898 79198
  899 61649
  900 69750
  901 77849
  902 92699
  903 25197
  904 56254
  905 
  906 
  907 67057
  908 33308
  909 50857
  910 26560
  911 57611
  912 44109
  913 84613
  914 44114
  915 72465
  916 61663
  917 96761
  918 63015
  919 38713
  920 46820
  921 95408
  922 13071
  923 
  924 
  925 
  926 45476
  927 37377
  928 
  929 
  930 77880
  931 65731
  932 54932
  933 
  934 
  935 
  936 
  937 
  938 
  939 
  940 72490
  941 53590
  942 69790
  943 
  944 
  945 
  946 98146
  947 23896
  948 95446
  949 72499
  950 37400
  951 25249
  952 46852
  953 34700
  954 15804
  955 92746
  956 
  957 
  958 
  959 95459
  960 54960
  961 61711
  962 
  963 
  964 
  965 80615
  966 
  967 25267
  968 
  969 45519
  970 
  971 48221
  972 
  973 77923
  974 41474
  975 19875
  976 72525
  977 49577
  978 86025
  979 59029
  980 64425
  981 27974
  982 53632
  983 92783
  984 77933
  985 73885
  986 65782
  987 
  988 15838
  989 98188
  990 68488
  991 
  992 17192
  993 
  994 
  995 
  996 42846
  997 79297
  998 33397
  999 33399
 1000 
 1001 
 1002 
 1003 
 1004 99554
 1005 36105
 1006 82006
 1007 30707
 1008 41505
 1009 28006
 1010 
 1011 49611
 1012 46912
 1013 68513
 1014 94164
 1015 88765
 1016 
 1017 
 1018 
 1019 
 1020 80670
 1021 
 1022 
 1023 
 1024 55024
 1025 18575
 1026 
 1027 
 1028 55028
 1029 
 1030 
 1031 
 1032 95532
 1033 65832
 1034 
 1035 23985
 1036 
 1037 32087
 1038 60437
 1039 56388
 1040 82038
 1041 
 1042 
 1043 
 1044 64494
 1045 
 1046 
 1047 71247
 1048 37497
 1049 32097
 1050 33449
 1051 
 1052 
 1053 
 1054 56404
 1055 96905
 1056 14556
 1057 65857
 1058 40207
 1059 57757
 1060 88810
 1061 48311
 1062 88807
 1063 55063
 1064 28064
 1065 
 1066 63166
 1067 
 1068 29418
 1069 95569
 1070 96920
 1071 46971
 1072 11869
 1073 96922
 1074 44274
 1075 83424
 1076 69926
 1077 51024
 1078 57772
 1079 
 1080 94230
 1081 82080
 1082 
 1083 82083
 1084 83434
 1085 45633
 1086 
 1087 
 1088 24038
 1089 
 1090 
 1091 37541
 1092 41592
 1093 21341
 1094 25394
 1095 
 1096 45646
 1097 19997
 1098 67246
 1099 45649
 1100 34849
 1101 14596
 1102 84802
 1103 82102
 1104 80754
 1105 86155
 1106 24055
 1107 88857
 1108 14608
 1109 96959
 1110 14610
 1111 99658
 1112 84807
 1113 84800
 1114 21348
 1115 87515
 1116 21366
 1117 26750
 1118 95618
 1119 55119
 1120 99670
 1121 76721
 1122 98319
 1123 55123
 1124 69955
 1125 37575
 1126 67276
 1127 
 1128 
 1129 
 1130 88880
 1131 
 1132 
 1133 
 1134 32184
 1135 75384
 1136 47036
 1137 
 1138 40288
 1139 
 1140 
 1141 
 1142 96992
 1143 82142
 1144 
 1145 59195
 1146 
 1147 74047
 1148 56497
 1149 
 1150 
 1151 
 1152 
 1153 26803
 1154 56504
 1155 
 1156 
 1157 
 1158 
 1159 
 1160 40310
 1161 21411
 1162 11961
 1163 13313
 1164 18712
 1165 41661
 1166 30866
 1167 99710
 1168 43016
 1169 65969
 1170 97020
 1171 72721
 1172 28172
 1173 92964
 1174 63274
 1175 88925
 1176 
 1177 
 1178 34928
 1179 95679
 1180 61929
 1181 64631
 1182 
 1183 
 1184 80834
 1185 36285
 1186 18734
 1187 
 1188 
 1189 
 1190 
 1191 25491
 1192 17392
 1193 57892
 1194 57894
 1195 88945
 1196 21446
 1197 25497
 1198 67348
 1199 59246
 1200 34948
 1201 37642
 1202 
 1203 
 1204 
 1205 74105
 1206 67356
 1207 
 1208 
 1209 
 1210 
 1211 51161
 1212 97062
 1213 10662
 1214 
 1215 78165
 1216 
 1217 63317
 1218 
 1219 49819
 1220 
 1221 
 1222 82222
 1223 95722
 1224 30924
 1225 59274
 1226 
 1227 90327
 1228 
 1229 
 1230 
 1231 
 1232 82232
 1233 26883
 1234 14734
 1235 39035
 1236 64686
 1237 30937
 1238 
 1239 47139
 1240 
 1241 
 1242 
 1243 
 1244 
 1245 
 1246 57946
 1247 
 1248 
 1249 
 1250 
 1251 
 1252 
 1253 17453
 1254 95754
 1255 24205
 1256 71454
 1257 14757
 1258 86308
 1259 48508
 1260 67410
 1261 72811
 1262 13412
 1263 52563
 1264 32314
 1265 87665
 1266 91713
 1267 71457
 1268 12066
 1269 94414
 1270 14769
 1271 75519
 1272 66072
 1273 95762
 1274 
 1275 
 1276 
 1277 44477
 1278 
 1279 68779
 1280 71479
 1281 18831
 1282 70131
 1283 53933
 1284 59334
 1285 
 1286 
 1287 
 1288 
 1289 
 1290 49890
 1291 
 1292 
 1293 91743
 1294 99844
 1295 44495
 1296 72844
 1297 35045
 1298 25598
 1299 71498
 1300 13450
 1301 95801
 1302 91751
 1303 45852
 1304 90403
 1305 41805
 1306 80951
 1307 90405
 1308 37758
 1309 76909
 1310 67460
 1311 72861
 1312 51258
 1313 37745
 1314 82314
 1315 97164
 1316 97166
 1317 68817
 1318 72843
 1319 83669
 1320 16170
 1321 18871
 1322 68822
 1323 
 1324 56674
 1325 22925
 1326 20226
 1327 
 1328 62078
 1329 12129
 1330 33730
 1331 
 1332 39132
 1333 90432
 1334 55332
 1335 13485
 1336 
 1337 12137
 1338 
 1339 
 1340 75590
 1341 93140
 1342 78292
 1343 85040
 1344 58040
 1345 93143
 1346 64796
 1347 94497
 1348 59397
 1349 
