    0 
    1 59195
    2 43016
    3 56707
    4 80754
    5 96905
    6 41805
    7 36105
    8 74105
    9 65559
   10 67460
   11 51306
   12 66509
   13 13313
   14 84564
   15 32314
   16 44662
   17 23761
   18 47518
   19 55119
   20 63670
   21 63669
   22 96920
   23 53220
   24 96922
   25 16170
   26 54176
   27 19027
   28 95028
   29 53228
   30 51327
   31 89331
   32 64631
   33 77933
   34 35181
   35 45633
   36 27586
   37 35179
   38 85538
   39 65589
   40 93140
   41 47538
   42 55123
   43 69374
   44 77923
   45 86495
   46 12395
   47 19997
   48 95997
   49 45649
   50 45646
   51 93150
   52 88402
   53 11452
   54 78904
   55 81751
   56 54197
   57 92205
   58 33308
   59 96959
   60 15252
   61 53261
   62 78911
   63 84613
   64 14314
   65 40915
   66 43766
   67 70367
   68 56118
   69 83669
   70 35217
   71 63721
   72 66559
   73 48508
   74 62745
   75 78895
   76 75126
   77 76077
   78 70378
   79 31427
   80 90327
   81 82724
   82 76997
   83 69396
   84 80834
   85 39035
   86 64686
   87 56137
   88 56138
   89 63739
   90 14339
   91 50441
   92 59939
   93 25743
   94 99844
   95 85595
   96 77045
   97 86546
   98 42846
   99 37147
  100 46639
  101 35248
  102 62794
  103 96049
  104 96992
  105 21955
  106 98906
  107 86557
  108 12456
  109 56159
  110 58040
  111 68488
  112 13412
  113 68513
  114 94164
  115 34315
  116 79914
  117 46667
  118 82766
  119 87515
  120 97020
  121 53321
  122 88472
  123 65671
  124 24821
  125 34321
  126 40012
  127 93227
  128 46677
  129 85629
  130 28627
  131 43831
  132 93231
  133 59029
  134 89434
  135 98935
  136 86579
  137 30537
  138 96082
  139 32439
  140 47640
  141 40991
  142 54292
  143 28640
  144 92291
  145 18195
  146 23896
  147 16297
  148 33397
  149 41942
  150 13450
  151 15327
  152 48602
  153 90403
  154 93253
  155 90405
  156 74256
  157 83757
  158 81857
  159 92306
  160 86586
  161 89461
  162 70462
  163 21062
  164 12512
  165 21065
  166 97062
  167 60962
  168 95113
  169 57169
  170 38169
  171 79021
  172 32470
  173 63819
  174 54324
  175 24875
  176 60976
  177 49577
  178 88526
  179 61929
  180 94230
  181 65731
  182 60982
  183 74282
  184 39132
  185 99935
  186 50535
  187 13485
  188 36285
  189 99936
  190 83790
  191 81891
  192 90432
  193 74283
  194 86644
  195 57187
  196 64796
  197 28697
  198 62898
  199 73347
  200 74277
  201 80001
  202 41052
  203 96153
  204 26803
  205 47704
  206 34403
  207 22057
  208 27757
  209 80951
  210 89510
  211 51509
  212 71454
  213 51513
  214 51514
  215 62903
  216 12561
  217 71457
  218 10662
  219 95219
  220 98028
  221 96119
  222 44812
  223 11623
  224 28723
  225 97932
  226 76226
  227 38078
  228 93328
  229 99979
  230 71479
  231 92381
  232 55332
  233 88400
  234 37284
  235 33399
  236 39186
  237 27786
  238 24902
  239 17192
  240 23985
  241 92391
  242 73392
  243 85743
  244 33449
  245 63895
  246 32546
  247 57247
  248 71498
  249 28749
  250 61050
  251 29700
  252 84802
  253 45852
  254 13547
  255 81005
  256 80056
  257 88607
  258 34446
  259 12609
  260 53460
  261 37310
  262 47762
  263 88612
  264 48714
  265 72465
  266 67716
  267 39212
  268 78165
  269 87665
  270 46820
  271 97164
  272 84807
  273 81020
  274 47774
  275 39224
  276 18326
  277 20226
  278 73427
  279 84800
  280 25930
  281 88631
  282 65832
  283 12620
  284 26883
  285 28754
  286 83756
  287 22925
  288 15488
  289 53489
  290 72490
  291 89591
  292 17392
  293 86738
  294 67744
  295 99095
  296 98146
  297 51596
  298 25946
  299 44949
  300 72499
  301 57301
  302 46852
  303 64888
  304 44004
  305 24055
  306 14556
  307 66807
  308 30707
  309 82006
  310 65857
  311 40207
  312 80112
  313 77263
  314 52563
  315 41150
  316 28815
  317 25953
  318 63015
  319 80098
  320 90549
  321 54471
  322 51588
  323 25023
  324 13624
  325 72525
  326 20274
  327 38327
  328 37377
  329 51629
  330 25980
  331 18380
  332 95331
  333 82983
  334 93433
  335 19335
  336 51636
  337 44983
  338 85838
  339 56388
  340 83938
  341 98188
  342 96288
  343 48786
  344 42127
  345 54493
  346 14596
  347 39297
  348 61148
  349 63999
  350 37400
  351 59246
  352 74442
  353 17453
  354 55454
  355 25055
  356 45931
  357 62078
  358 39308
  359 89659
  360 14610
  361 16510
  362 41212
  363 46912
  364 14608
  365 22215
  366 39316
  367 45939
  368 94414
  369 26015
  370 35497
  371 47871
  372 35522
  373 90623
  374 69724
  375 59274
  376 58325
  377 62127
  378 42163
  379 68779
  380 26030
  381 83031
  382 29831
  383 95383
  384 82083
  385 82080
  386 31734
  387 50732
  388 40288
  389 83029
  390 53590
  391 73541
  392 64042
  393 15593
  394 92544
  395 78292
  396 36496
  397 15597
  398 22241
  399 16549
  400 69750
  401 39341
  402 82102
  403 31747
  404 34604
  405 78305
  406 85905
  407 25101
  408 52658
  409 44109
  410 40310
  411 90646
  412 60260
  413 23213
  414 22264
  415 88765
  416 96363
  417 44114
  418 68817
  419 49819
  420 65969
  421 46971
  422 68822
  423 19417
  424 48858
  425 13725
  426 73576
  427 99226
  428 31778
  429 58379
  430 20377
  431 26075
  432 47932
  433 53632
  434 59334
  435 46026
  436 29872
  437 54587
  438 32738
  439 85939
  440 69790
  441 71689
  442 35592
  443 81190
  444 21341
  445 84045
  446 77396
  447 37497
  448 79297
  449 94497
  450 81199
  451 65049
  452 95446
  453 50803
  454 56504
  455 60295
  456 56497
  457 88807
  458 48908
  459 99259
  460 88810
  461 67911
  462 38462
  463 52712
  464 24205
  465 17556
  466 30866
  467 63166
  468 71718
  469 11869
  470 98319
  471 87861
  472 71722
  473 61273
  474 10922
  475 26122
  476 42276
  477 78366
  478 16608
  479 90729
  480 89779
  481 26124
  482 33730
  483 21366
  484 17574
  485 52698
  486 97386
  487 47036
  488 45101
  489 84059
  490 49890
  491 37541
  492 29942
  493 95408
  494 67944
  495 27095
  496 82142
  497 17597
  498 29948
  499 59397
  500 71750
  501 80300
  502 31852
  503 39453
  504 57503
  505 15705
  506 70805
  507 14757
  508 34700
  509 81259
  510 70810
  511 85060
  512 21411
  513 26160
  514 48014
  515 81265
  516 55615
  517 50857
  518 43261
  519 91713
  520 88857
  521 72721
  522 82222
  523 64172
  524 84124
  525 37575
  526 30924
  527 18575
  528 12877
  529 29976
  530 88880
  531 65131
  532 82232
  533 86983
  534 95532
  535 86025
  536 35686
  537 30937
  538 65136
  539 97429
  540 75590
  541 62291
  542 67042
  543 91743
  544 92693
  545 16695
  546 21446
  547 45193
  548 66072
  549 25249
  550 87000
  551 43301
  552 46151
  553 73703
  554 35704
  555 91751
  556 48053
  557 67057
  558 45207
  559 62309
  560 46160
  561 65161
  562 45212
  563 11961
  564 33812
  565 58514
  566 80355
  567 25267
  568 99368
  569 95569
  570 10070
  571 48069
  572 68950
  573 59473
  574 63274
  575 88925
  576 44274
  577 69926
  578 55676
  579 78479
  580 93659
  581 22416
  582 58499
  583 42383
  584 10077
  585 48067
  586 13852
  587 60437
  588 99388
  589 65188
  590 70890
  591 16738
  592 68990
  593 71843
  594 65187
  595 33845
  596 88945
  597 54747
  598 92699
  599 68049
  600 36700
  601 84198
  602 83209
  603 47139
  604 15804
  605 54755
  606 62356
  607 93706
  608 78454
  609 62325
  610 61410
  611 57611
  612 72811
  613 22361
  614 64264
  615 82314
  616 52866
  617 63317
  618 74718
  619 91817
  620 95618
  621 59520
  622 19622
  623 28172
  624 56674
  625 41474
  626 51917
  627 94674
  628 49078
  629 14879
  630 22441
  631 95459
  632 33790
  633 92783
  634 38634
  635 58583
  636 74736
  637 45287
  638 15838
  639 88038
  640 22489
  641 84239
  642 23442
  643 93743
  644 72844
  645 27245
  646 38646
  647 36743
  648 27248
  649 34849
  650 70947
  651 14899
  652 28972
  653 30103
  654 77603
  655 86155
  656 64305
  657 69056
  658 17755
  659 41505
  660 85040
  661 80461
  662 72861
  663 89963
  664 32962
  665 18712
  666 66212
  667 50066
  668 10168
  669 31069
  670 13016
  671 12066
  672 71922
  673 78572
  674 89974
  675 16825
  676 51024
  677 87127
  678 66901
  679 95679
  680 14769
  681 54831
  682 75519
  683 42483
  684 18734
  685 42484
  686 96634
  687 74787
  688 61488
  689 65288
  690 78460
  691 27974
  692 55792
  693 24443
  694 88093
  695 25394
  696 69095
  697 33947
  698 24446
  699 61499
  700 42500
  701 72900
  702 47252
  703 85253
  704 29204
  705 21348
  706 13978
  707 16797
  708 37758
  709 11159
  710 90885
  711 28064
  712 87970
  713 38713
  714 26349
  715 92746
  716 71966
  717 37745
  718 28006
  719 84319
  720 19720
  721 76721
  722 95722
  723 13071
  724 58947
  725 48888
  726 35876
  727 14027
  728 58678
  729 12129
  730 40629
  731 91928
  732 20682
  733 56782
  734 14033
  735 73885
  736 34928
  737 32087
  738 24488
  739 12137
  740 62490
  741 47291
  742 71042
  743 97642
  744 10244
  745 91945
  746 72946
  747 84347
  748 78642
  749 66295
  750 91000
  751 67246
  752 90998
  753 36847
  754 95754
  755 11204
  756 33044
  757 57757
  758 41592
  759 14056
  760 89110
  761 53933
  762 53012
  763 72963
  764 59658
  765 16915
  766 36865
  767 52026
  768 34948
  769 42569
  770 17870
  771 88171
  772 57772
  773 77719
  774 83424
  775 75825
  776 17875
  777 68227
  778 67276
  779 19778
  780 44477
  781 14081
  782 88182
  783 18831
  784 78684
  785 78685
  786 42578
  787 83434
  788 64425
  789 97640
  790 43514
  791 25491
  792 52092
  793 14060
  794 84378
  795 44495
  796 71096
  797 25497
  798 46398
  799 91999
  800 35947
  801 95801
  802 36902
  803 32097
  804 96733
  805 89155
  806 33106
  807 35957
  808 86308
  809 42609
  810 54960
  811 51161
  812 48311
  813 73013
  814 63514
  815 96761
  816 41661
  817 36910
  818 42618
  819 27408
  820 91948
  821 39771
  822 20772
  823 18871
  824 80615
  825 95762
  826 65426
  827 93927
  828 42628
  829 55926
  830 42630
  831 82531
  832 52132
  833 45476
  834 59726
  835 53077
  836 32184
  837 40643
  838 73038
  839 47360
  840 11275
  841 54932
  842 63469
  843 98693
  844 12244
  845 30295
  846 14145
  847 11296
  848 64494
  849 61649
  850 17950
  851 72101
  852 35045
  853 67348
  854 75384
  855 65782
  856 56906
  857 67356
  858 99658
  859 97166
  860 71783
  861 14161
  862 16892
  863 61663
  864 15114
  865 14868
  866 32882
  867 99554
  868 20818
  869 45519
  870 99670
  871 80670
  872 15119
  873 24621
  874 84473
  875 19875
  876 26526
  877 24626
  878 55028
  879 81627
  880 79729
  881 54081
  882 82576
  883 88272
  884 55024
  885 21780
  886 37642
  887 79737
  888 91137
  889 36989
  890 53140
  891 79659
  892 57892
  893 82592
  894 57894
  895 59689
  896 46496
  897 74047
  898 25598
  899 50298
  900 77849
  901 89251
  902 89252
  903 75946
  904 44995
  905 18005
  906 51581
  907 11357
  908 49357
  909 76909
  910 67410
  911 61711
  912 26560
  913 62663
  914 55063
  915 99710
  916 84512
  917 51258
  918 28468
  919 37968
  920 53170
  921 66471
  922 75972
  923 75019
  924 82624
  925 69317
  926 39466
  927 34177
  928 58877
  929 70279
  930 63629
  931 77880
  932 31332
  933 24038
  934 97834
  935 40835
  936 56254
  937 14734
  938 35138
  939 37989
  940 90892
  941 92417
  942 18992
  943 87988
  944 37994
  945 80288
  946 21846
  947 71247
  948 39898
  949 57946
