    0 [72900, 29700, 93150]
    1 
    2 [48602, 47252, 52652]
    3 
    4 
    5 [78305, 81005]
    6 [74256, 51306, 17556]
    7 [56707]
    8 [52658]
    9 [79659]
   10 [85060, 89110]
   11 
   12 
   13 
   14 
   15 
   16 
   17 [91817]
   18 [14868]
   19 [31069, 63469]
   20 [81020]
   21 
   22 
   23 
   24 [17574, 20274]
   25 
   26 
   27 [62127, 51327, 74277]
   28 
   29 [14879]
   30 
   31 [45931]
   32 [74282]
   33 [74283]
   34 
   35 [99935]
   36 [99936, 39186, 63486]
   37 
   38 [35138]
   39 [32439, 45939]
   40 [33790]
   41 [47291]
   42 
   43 
   44 
   45 
   46 [72946, 36496]
   47 [13547, 17597, 76997]
   48 [52698]
   49 [14899, 22999]
   50 
   51 
   52 
   53 
   54 
   55 [89155]
   56 [83756]
   57 [83757]
   58 
   59 
   60 
   61 [43261]
   62 [66212, 33812, 39212, 52712]
   63 [72963]
   64 [63514]
   65 
   66 [78366]
   67 
   68 
   69 
   70 [32470]
   71 
   72 
   73 [59473]
   74 [39224]
   75 
   76 
   77 [93227]
   78 
   79 [99979, 70279, 79729, 35179]
   80 
   81 [93231, 54081, 35181]
   82 [56782, 64882]
   83 
   84 
   85 
   86 
   87 [79737]
   88 [64888]
   89 
   90 [83790]
   91 
   92 [41942, 18992]
   93 [25743]
   94 [12244]
   95 [86495, 33845, 77045, 27095]
   96 
   97 [16297]
   98 
   99 [90549]
  100 [68950]
  101 [43301]
  102 
  103 [93253]
  104 [55454]
  105 [31155]
  106 [63556]
  107 
  108 
  109 
  110 [47360]
  111 [87861]
  112 [44662]
  113 [73013]
  114 [48714]
  115 
  116 [50066]
  117 [35217]
  118 [28468]
  119 
  120 [59520]
  121 
  122 [10922]
  123 
  124 [13624, 39274]
  125 
  126 [46026]
  127 [20377, 19027]
  128 [91928]
  129 [40629]
  130 
  131 [29831]
  132 
  133 
  134 
  135 
  136 
  137 
  138 [73038]
  139 [71689]
  140 [68990]
  141 
  142 
  143 [24443, 98693, 40643]
  144 
  145 [91945, 66295]
  146 [86546, 32546, 24446]
  147 [95997, 39297]
  148 [35248, 91948]
  149 
  150 
  151 [89251]
  152 [89252]
  153 
  154 [78454]
  155 
  156 
  157 [86557]
  158 [39308]
  159 
  160 [78460]
  161 
  162 
  163 
  164 
  165 
  166 [39316]
  167 [70367]
  168 [71718, 37968]
  169 
  170 
  171 
  172 [71722, 29872]
  173 [90623]
  174 [94674]
  175 
  176 [54176]
  177 
  178 [70378, 93328]
  179 [78479, 63629, 86579]
  180 [21780]
  181 [82531]
  182 
  183 
  184 
  185 
  186 [97386, 48786, 86586]
  187 
  188 [24488]
  189 [37989]
  190 [81190]
  191 [62291, 39341]
  192 [74442]
  193 
  194 [37994]
  195 
  196 [90646]
  197 [54197, 33947]
  198 
  199 [81199, 91999, 96049]
  200 [71750]
  201 
  202 
  203 [85253]
  204 
  205 [17755]
  206 [56906, 69056]
  207 
  208 
  209 [62309, 51509]
  210 
  211 
  212 [60962]
  213 [51513]
  214 [51514]
  215 
  216 [67716, 52866]
  217 
  218 
  219 [63669]
  220 [63670, 87970]
  221 
  222 
  223 
  224 
  225 [13725, 75825, 62325]
  226 [82576, 60976]
  227 
  228 
  229 [97429]
  230 
  231 [89331]
  232 [60982, 96082]
  233 [71783]
  234 
  235 
  236 
  237 
  238 [83938, 87988]
  239 
  240 
  241 
  242 [82592, 29942]
  243 
  244 [86644, 67744]
  245 [27245, 12395, 69095, 66395]
  246 [21846]
  247 
  248 [27248, 29948]
  249 [65049]
  250 [36700]
  251 [46151]
  252 
  253 
  254 
  255 [83955]
  256 [62356]
  257 
  258 [59658, 48858]
  259 [81259]
  260 [46160]
  261 
  262 [70462, 44812]
  263 [23213, 78563]
  264 [79914, 15114]
  265 [81265, 55615]
  266 
  267 
  268 [47518]
  269 [15119, 96119]
  270 
  271 [63721]
  272 [78572]
  273 
  274 [82624]
  275 [58325]
  276 [29976]
  277 [28627, 42127]
  278 [38078]
  279 [90729]
  280 [25930]
  281 [51581]
  282 [31332]
  283 [93433]
  284 
  285 
  286 
  287 
  288 [88038, 51588, 47538, 48888]
  289 [63739, 59689]
  290 [28640]
  291 
  292 [54292]
  293 [71843, 36743]
  294 
  295 
  296 [51596, 25946]
  297 
  298 
  299 
  300 [61050]
  301 
  302 
  303 [96153, 39453, 25953]
  304 
  305 [75905]
  306 [12456]
  307 
  308 [48908]
  309 
  310 [16510]
  311 
  312 
  313 [77263, 42163]
  314 [43514]
  315 
  316 [39466]
  317 
  318 
  319 
  320 [17870]
  321 [24621, 66471]
  322 
  323 [44873]
  324 [54324]
  325 [17875]
  326 [24626, 55676, 59726]
  327 
  328 
  329 [58379, 51629]
  330 [25980]
  331 [65131]
  332 
  333 
  334 [89434]
  335 [40835]
  336 [65136, 51636]
  337 
  338 [32738, 86738]
  339 
  340 
  341 
  342 [78642]
  343 [88093]
  344 
  345 [84045]
  346 [75946]
  347 [28697]
  348 [50298]
  349 [16549]
  350 
  351 [80001]
  352 [13852]
  353 
  354 
  355 [21955]
  356 [98906]
  357 
  358 
  359 [11159, 66509, 84059]
  360 
  361 [65161, 89461]
  362 [53012, 12512]
  363 
  364 
  365 [26015]
  366 
  367 
  368 [39518]
  369 [38169, 63819]
  370 
  371 
  372 [75972, 71922]
  373 [28723]
  374 [82724]
  375 [75975]
  376 
  377 [31427]
  378 
  379 
  380 [26030]
  381 
  382 
  383 [44933]
  384 [78684]
  385 [78685, 98935]
  386 
  387 [65187]
  388 [65188]
  389 
  390 [62490, 47640]
  391 
  392 
  393 
  394 
  395 
  396 
  397 [36847, 35497]
  398 [61148]
  399 [44949, 28749]
  400 [17950, 76000]
  401 
  402 [15252]
  403 [30103]
  404 [11204, 28754]
  405 [92205]
  406 [80056]
  407 
  408 [16608, 27408]
  409 [66559]
  410 [89510]
  411 [67911, 12561]
  412 
  413 
  414 
  415 [40915, 36865]
  416 [71966, 82766]
  417 
  418 
  419 
  420 
  421 [88171]
  422 [35522]
  423 
  424 [84124]
  425 [26075]
  426 [42276]
  427 [34177, 53077]
  428 
  429 
  430 
  431 
  432 [20682, 88182]
  433 [44983]
  434 
  435 [19335, 90885]
  436 
  437 [89537]
  438 [96288]
  439 
  440 [97640]
  441 
  442 [97642, 55792, 90892]
  443 
  444 [67944]
  445 [63895, 44995]
  446 [77396]
  447 [73347]
  448 [80098]
  449 [58499]
  450 
  451 
  452 [36902]
  453 
  454 [47704]
  455 [18005]
  456 
  457 [22057]
  458 
  459 [12609]
  460 [36910]
  461 
  462 [80112]
  463 
  464 [58514]
  465 [28815]
  466 
  467 [69317]
  468 [74718]
  469 [57169]
  470 [12620]
  471 [54471]
  472 [26122]
  473 
  474 [26124]
  475 [11275]
  476 
  477 [76077, 15327]
  478 [49078, 13978]
  479 
  480 
  481 
  482 [32882]
  483 
  484 
  485 
  486 [74736]
  487 [57187]
  488 [65288, 85538]
  489 
  490 [53140]
  491 [40991, 50441, 92291, 89591]
  492 [35592, 73392, 23442]
  493 [54493]
  494 
  495 [16695]
  496 [11296, 32896]
  497 
  498 [46398, 84198]
  499 
  500 
  501 
  502 
  503 
  504 
  505 
  506 [92306]
  507 [24807]
  508 
  509 [93659]
  510 [26160]
  511 
  512 [47762, 66662]
  513 [96363]
  514 
  515 
  516 
  517 [19417]
  518 
  519 
  520 [53170]
  521 [24821]
  522 [20772, 88272]
  523 [61273]
  524 [47774, 69374]
  525 
  526 
  527 [73427, 38327, 14027]
  528 [95028]
  529 
  530 
  531 
  532 
  533 [42383, 14033, 58583]
  534 
  535 
  536 
  537 [74787]
  538 [16738]
  539 [36989, 84239, 59939]
  540 
  541 
  542 
  543 
  544 
  545 [85595, 99095]
  546 [69396]
  547 [57247]
  548 [90998]
  549 [63999, 68049]
  550 [91000]
  551 [72101, 45101]
  552 [41052]
  553 
  554 [27554]
  555 
  556 [93706, 14056]
  557 [11357]
  558 
  559 [89659]
  560 [14060]
  561 
  562 [32962]
  563 [62663]
  564 
  565 [34315]
  566 [43766]
  567 
  568 [20818]
  569 
  570 [53220, 42420]
  571 [34321]
  572 
  573 
  574 
  575 [24875]
  576 [55926]
  577 
  578 [53228]
  579 [85629]
  580 
  581 [14081, 92381]
  582 
  583 [86983]
  584 
  585 [50535]
  586 [35686, 27586]
  587 [54587]
  588 
  589 
  590 
  591 [92391]
  592 [64042]
  593 [93743]
  594 
  595 [30295, 78895]
  596 [46496]
  597 [16797]
  598 
  599 
  600 [87000]
  601 [57301]
  602 [24902]
  603 
  604 [35704, 78904]
  605 [70805]
  606 
  607 
  608 
  609 
  610 [70810, 47860]
  611 [53261, 78911]
  612 
  613 [95113]
  614 
  615 [22215]
  616 
  617 [51917, 92417]
  618 
  619 [84319, 54619]
  620 [10070]
  621 [39771, 47871]
  622 [28972]
  623 
  624 
  625 [16825]
  626 [65426, 76226]
  627 [81627, 10077]
  628 [58678]
  629 
  630 
  631 [43831]
  632 
  633 [82983, 42483]
  634 [97834, 42484]
  635 
  636 
  637 
  638 [15488, 80288]
  639 
  640 
  641 [73541, 22241]
  642 
  643 [45193]
  644 [33044]
  645 [14145, 18195, 62745]
  646 
  647 [84347]
  648 
  649 
  650 [42500, 80300, 41150, 88400]
  651 
  652 [88402, 11452]
  653 [34403, 77603]
  654 
  655 
  656 
  657 [66807, 45207]
  658 
  659 
  660 [61410]
  661 [14161]
  662 [38462, 45212]
  663 
  664 [22264]
  665 
  666 
  667 [60067]
  668 
  669 
  670 
  671 [53321]
  672 
  673 
  674 
  675 
  676 [73576, 99226]
  677 
  678 [84378]
  679 [89779, 83029]
  680 
  681 [83031]
  682 [47932]
  683 [39833]
  684 [31734]
  685 [54685]
  686 
  687 [91137]
  688 
  689 
  690 [70890, 27690]
  691 
  692 [16892]
  693 [85743]
  694 [62794]
  695 
  696 [34446]
  697 [37147, 31747]
  698 
  699 [26349]
  700 [84400]
  701 
  702 
  703 
  704 
  705 [80355]
  706 [33106]
  707 
  708 
  709 [99259]
  710 
  711 
  712 [41212]
  713 
  714 
  715 [16915]
  716 
  717 
  718 [10168]
  719 [95219, 42569]
  720 
  721 [79021]
  722 [88472, 19622, 64172]
  723 [25023]
  724 
  725 
  726 [52026]
  727 [68227, 87127, 12877]
  728 [31778, 42578]
  729 
  730 
  731 
  732 [97932]
  733 
  734 
  735 
  736 
  737 [45287]
  738 [61488]
  739 [46639]
  740 
  741 
  742 
  743 [15593]
  744 [92544]
  745 
  746 
  747 [54747, 15597, 70947]
  748 [39898]
  749 [61499]
  750 
  751 [81751, 66901]
  752 
  753 
  754 
  755 [25055, 54755]
  756 
  757 [27757, 49357]
  758 
  759 [42609, 65559]
  760 [31810]
  761 [22361]
  762 
  763 
  764 [48014]
  765 
  766 
  767 [46667]
  768 [56118, 42618, 52068]
  769 [77719, 75019]
  770 
  771 
  772 
  773 [84473]
  774 
  775 
  776 [18326, 35876, 88526]
  777 [93927, 46677]
  778 [42628]
  779 
  780 [42630]
  781 
  782 [50732]
  783 
  784 [96634]
  785 
  786 [27786]
  787 [56137]
  788 [85838, 56138]
  789 [65589]
  790 
  791 
  792 [52092]
  793 
  794 [10244]
  795 
  796 
  797 
  798 [62898]
  799 
  800 
  801 [25101]
  802 [31852]
  803 [73703, 48053, 57503, 62903]
  804 [44004]
  805 
  806 
  807 
  808 
  809 [56159, 39959]
  810 [53460]
  811 [80461, 23761, 25111]
  812 [21062, 84512]
  813 
  814 [64264, 14314]
  815 [21065]
  816 [22416]
  817 [48067]
  818 [99368]
  819 [48069]
  820 [19720]
  821 
  822 
  823 [11623]
  824 
  825 
  826 
  827 [58877]
  828 [98028]
  829 
  830 [18380]
  831 [54831, 95331]
  832 [52132]
  833 
  834 [38634, 37284, 85884]
  835 
  836 
  837 [30537]
  838 [99388]
  839 [53489, 14339]
  840 
  841 [22441]
  842 [71042]
  843 
  844 
  845 
  846 [38646]
  847 [35947]
  848 
  849 
  850 
  851 
  852 
  853 [50803]
  854 [29204, 34604]
  855 [15705, 64305, 85905]
  856 
  857 [81857, 88607, 35957]
  858 
  859 [83209]
  860 [37310, 60260]
  861 
  862 [88612, 40012]
  863 [89963]
  864 [84564]
  865 
  866 [13016]
  867 
  868 
  869 
  870 
  871 [65671]
  872 
  873 
  874 [69724, 89974]
  875 
  876 [26526, 75126]
  877 
  878 [19778]
  879 
  880 
  881 [88631]
  882 
  883 [95383, 96733]
  884 
  885 
  886 
  887 
  888 
  889 [22489, 85939]
  890 
  891 [81891]
  892 [67042]
  893 [92693]
  894 
  895 [60295]
  896 [71096]
  897 [58947, 25197]
  898 [79198]
  899 [61649, 77849, 92699]
  900 [69750]
  901 
  902 
  903 
  904 [56254]
  905 
  906 
  907 [67057, 50857]
  908 [33308, 95408]
  909 [44109]
  910 [26560]
  911 [57611, 96761]
  912 
  913 [84613, 61663, 38713]
  914 [44114]
  915 [72465, 63015]
  916 
  917 
  918 
  919 
  920 [46820]
  921 [13071]
  922 
  923 
  924 
  925 
  926 [45476]
  927 [37377]
  928 
  929 
  930 [77880]
  931 [65731]
  932 [54932]
  933 
  934 
  935 
  936 
  937 
  938 
  939 
  940 [72490, 53590, 69790]
  941 
  942 
  943 
  944 
  945 
  946 [98146, 23896, 95446, 92746]
  947 
  948 
  949 [72499, 25249]
  950 [37400, 34700]
  951 
  952 [46852]
  953 
  954 [15804]
  955 
  956 
  957 
  958 
  959 [95459]
  960 [54960]
  961 [61711]
  962 
  963 
  964 
  965 [80615]
  966 
  967 [25267]
  968 
  969 [45519]
  970 
  971 [48221]
  972 
  973 [77923]
  974 [41474, 27974]
  975 [19875, 72525, 86025, 64425]
  976 
  977 [49577]
  978 
  979 [59029]
  980 
  981 
  982 [53632, 65782]
  983 [92783, 77933]
  984 
  985 [73885]
  986 
  987 
  988 [15838, 98188, 68488]
  989 
  990 
  991 
  992 [17192]
  993 
  994 
  995 
  996 [42846]
  997 [79297, 33397]
  998 
  999 [33399]
 1000 
 1001 
 1002 
 1003 
 1004 [99554]
 1005 [36105, 41505]
 1006 [82006, 28006]
 1007 [30707]
 1008 
 1009 
 1010 
 1011 [49611]
 1012 [46912]
 1013 [68513]
 1014 [94164]
 1015 [88765]
 1016 
 1017 
 1018 
 1019 
 1020 [80670]
 1021 
 1022 
 1023 
 1024 [55024]
 1025 [18575]
 1026 
 1027 
 1028 [55028]
 1029 
 1030 
 1031 
 1032 [95532, 65832]
 1033 
 1034 
 1035 [23985]
 1036 
 1037 [32087, 60437]
 1038 [56388, 82038]
 1039 
 1040 
 1041 
 1042 
 1043 
 1044 [64494]
 1045 
 1046 
 1047 [71247, 37497, 32097]
 1048 
 1049 [33449]
 1050 
 1051 
 1052 
 1053 
 1054 [56404]
 1055 [96905]
 1056 [14556]
 1057 [65857, 40207, 57757, 88807]
 1058 
 1059 
 1060 [88810]
 1061 [48311]
 1062 
 1063 [55063]
 1064 [28064]
 1065 
 1066 [63166]
 1067 
 1068 [29418]
 1069 [95569, 11869]
 1070 [96920]
 1071 [46971]
 1072 [96922, 57772]
 1073 
 1074 [44274, 83424, 51024]
 1075 
 1076 [69926]
 1077 
 1078 
 1079 
 1080 [94230, 82080]
 1081 
 1082 
 1083 [82083, 45633]
 1084 [83434]
 1085 
 1086 
 1087 
 1088 [24038]
 1089 
 1090 
 1091 [37541, 21341]
 1092 [41592]
 1093 
 1094 [25394]
 1095 
 1096 [45646, 67246, 14596]
 1097 [19997]
 1098 [21348]
 1099 [45649, 34849]
 1100 [84800, 26750]
 1101 
 1102 [84802, 82102]
 1103 
 1104 [80754]
 1105 [86155, 24055, 69955]
 1106 
 1107 [88857, 84807]
 1108 [14608, 99658]
 1109 [96959]
 1110 [14610]
 1111 
 1112 
 1113 
 1114 
 1115 [87515]
 1116 [21366]
 1117 
 1118 [95618]
 1119 [55119, 98319]
 1120 [99670]
 1121 [76721]
 1122 
 1123 [55123]
 1124 
 1125 [37575]
 1126 [67276]
 1127 
 1128 
 1129 
 1130 [88880]
 1131 
 1132 
 1133 
 1134 [32184, 75384]
 1135 
 1136 [47036]
 1137 
 1138 [40288]
 1139 
 1140 
 1141 
 1142 [96992, 82142]
 1143 
 1144 
 1145 [59195]
 1146 
 1147 [74047, 56497]
 1148 
 1149 
 1150 
 1151 
 1152 
 1153 [26803]
 1154 [56504]
 1155 
 1156 
 1157 
 1158 
 1159 
 1160 [40310, 99710]
 1161 [21411, 11961, 41661]
 1162 [18712]
 1163 [13313]
 1164 [92964]
 1165 
 1166 [30866, 43016]
 1167 
 1168 
 1169 [65969]
 1170 [97020]
 1171 [72721]
 1172 [28172]
 1173 
 1174 [63274]
 1175 [88925]
 1176 
 1177 
 1178 [34928]
 1179 [95679, 61929]
 1180 
 1181 [64631]
 1182 
 1183 
 1184 [80834, 18734]
 1185 [36285]
 1186 
 1187 
 1188 
 1189 
 1190 
 1191 [25491]
 1192 [17392, 57892, 37642]
 1193 
 1194 [57894]
 1195 [88945]
 1196 [21446, 59246]
 1197 [25497]
 1198 [67348, 34948]
 1199 
 1200 
 1201 
 1202 
 1203 
 1204 
 1205 [74105]
 1206 [67356]
 1207 
 1208 
 1209 
 1210 
 1211 [51161]
 1212 [97062, 10662]
 1213 
 1214 
 1215 [78165]
 1216 
 1217 [63317]
 1218 
 1219 [49819]
 1220 
 1221 
 1222 [82222, 95722]
 1223 
 1224 [30924, 59274]
 1225 
 1226 
 1227 [90327]
 1228 
 1229 
 1230 
 1231 
 1232 [82232]
 1233 [26883]
 1234 [14734]
 1235 [39035]
 1236 [64686]
 1237 [30937]
 1238 
 1239 [47139]
 1240 
 1241 
 1242 
 1243 
 1244 
 1245 
 1246 [57946]
 1247 
 1248 
 1249 
 1250 
 1251 
 1252 
 1253 [17453]
 1254 [95754, 71454]
 1255 [24205]
 1256 
 1257 [14757, 71457]
 1258 [86308, 48508]
 1259 
 1260 [67410]
 1261 [72811]
 1262 [13412, 95762]
 1263 [52563, 91713]
 1264 [32314, 94414]
 1265 [87665]
 1266 [12066]
 1267 
 1268 
 1269 [14769, 75519]
 1270 
 1271 
 1272 [66072]
 1273 
 1274 
 1275 
 1276 
 1277 [44477]
 1278 
 1279 [68779, 71479]
 1280 
 1281 [18831, 70131]
 1282 
 1283 [53933]
 1284 [59334]
 1285 
 1286 
 1287 
 1288 
 1289 
 1290 [49890]
 1291 
 1292 
 1293 [91743, 72843]
 1294 [99844, 72844]
 1295 [44495, 35045, 37745]
 1296 
 1297 
 1298 [25598, 71498]
 1299 
 1300 [13450]
 1301 [95801, 91751, 80951]
 1302 [45852]
 1303 [90403]
 1304 
 1305 [41805, 90405]
 1306 
 1307 
 1308 [37758, 51258]
 1309 [76909]
 1310 [67460]
 1311 [72861]
 1312 
 1313 
 1314 [82314, 97164]
 1315 
 1316 [97166]
 1317 [68817]
 1318 
 1319 [83669]
 1320 [16170]
 1321 [18871]
 1322 [68822]
 1323 
 1324 [56674]
 1325 [22925]
 1326 [20226]
 1327 
 1328 [62078]
 1329 [12129]
 1330 [33730]
 1331 
 1332 [39132, 90432, 55332]
 1333 
 1334 
 1335 [13485]
 1336 
 1337 [12137]
 1338 
 1339 
 1340 [75590, 93140, 85040, 58040]
 1341 
 1342 [78292]
 1343 [93143]
 1344 
 1345 
 1346 [64796]
 1347 [94497, 59397]
 1348 
 1349 
