    0 
    1 
    2 15597
    3 79198
    4 56404
    5 18005
    6 70805
    7 88807
    8 
    9 
   10 70810
   11 57611
   12 
   13 78563
   14 48014
   15 88810
   16 28815
   17 92417
   18 
   19 
   20 46820
   21 
   22 
   23 
   24 
   25 16825
   26 
   27 81627
   28 
   29 51629
   30 63629
   31 58325
   32 
   33 45633
   34 
   35 40835
   36 51636
   37 25197
   38 24038
   39 32439
   40 
   41 50441
   42 74442
   43 51258
   44 
   45 84045
   46 45646
   47 67246
   48 
   49 45649
   50 25249
   51 
   52 46852
   53 85253
   54 34849
   55 24055
   56 
   57 88857
   58 48053
   59 93659
   60 84059
   61 80461
   62 38462
   63 99658
   64 
   65 87665
   66 52866
   67 25267
   68 48067
   69 63669
   70 99670
   71 63670
   72 66072
   73 61273
   74 48069
   75 43261
   76 67276
   77 44477
   78 58877
   79 96049
   80 88880
   81 54081
   82 96082
   83 64882
   84 37284
   85 
   86 66901
   87 
   88 64888
   89 68488
   90 62490
   91 70890
   92 16892
   93 
   94 
   95 44495
   96 86495
   97 79297
   98 56497
   99 
  100 32470
  101 43301
  102 72101
  103 30103
  104 56504
  105 15705
  106 36105
  107 93706
  108 
  109 76909
  110 37310
  111 99710
  112 46912
  113 68513
  114 13313
  115 16915
  116 40915
  117 
  118 
  119 96119
  120 27690
  121 63721
  122 10922
  123 75519
  124 84124
  125 88925
  126 26526
  127 42127
  128 34928
  129 12129
  130 33730
  131 
  132 31332
  133 55332
  134 33449
  135 50535
  136 19335
  137 12137
  138 69724
  139 63739
  140 
  141 
  142 
  143 93743
  144 92544
  145 88945
  146 86546
  147 70947
  148 73347
  149 67348
  150 69750
  151 81751
  152 58947
  153 96153
  154 
  155 22925
  156 14556
  157 27757
  158 57757
  159 31155
  160 26560
  161 67356
  162 86557
  163 42163
  164 
  165 78165
  166 
  167 
  168 71783
  169 
  170 
  171 39771
  172 46971
  173 57772
  174 
  175 
  176 32546
  177 37377
  178 34948
  179 86579
  180 21780
  181 54176
  182 
  183 82983
  184 
  185 
  186 97386
  187 49357
  188 
  189 
  190 69790
  191 40991
  192 73392
  193 
  194 25394
  195 18195
  196 14596
  197 54197
  198 84198
  199 22999
  200 37400
  201 16797
  202 76997
  203 32097
  204 15804
  205 24205
  206 12066
  207 60067
  208 14608
  209 
  210 14610
  211 67410
  212 66212
  213 33812
  214 
  215 61410
  216 27786
  217 13412
  218 19417
  219 63819
  220 33790
  221 48221
  222 
  223 
  224 
  225 75825
  226 53012
  227 73427
  228 95028
  229 59029
  230 97429
  231 83031
  232 31427
  233 39833
  234 38634
  235 
  236 47036
  237 
  238 15838
  239 84239
  240 70131
  241 86586
  242 71042
  243 83029
  244 99844
  245 86644
  246 33845
  247 38646
  248 
  249 65049
  250 77045
  251 21846
  252 45852
  253 41052
  254 55454
  255 13450
  256 
  257 81857
  258 12244
  259 35045
  260 67460
  261 87861
  262 44662
  263 62663
  264 
  265 60260
  266 
  267 
  268 
  269 
  270 80670
  271 
  272 
  273 
  274 56674
  275 
  276 42276
  277 53077
  278 
  279 
  280 
  281 
  282 20682
  283 
  284 
  285 13485
  286 36285
  287 
  288 61488
  289 96288
  290 
  291 25491
  292 54292
  293 78292
  294 92693
  295 30295
  296 60295
  297 37497
  298 25497
  299 57894
  300 66295
  301 71096
  302 
  303 39898
  304 92699
  305 78305
  306 57892
  307 98693
  308 56707
  309 63895
  310 89110
  311 48311
  312 28972
  313 61499
  314 38713
  315 43514
  316 
  317 51917
  318 74718
  319 84319
  320 
  321 81891
  322 43016
  323 
  324 54324
  325 
  326 69926
  327 93927
  328 90327
  329 
  330 
  331 65131
  332 45931
  333 50732
  334 14734
  335 99935
  336 99936
  337 74736
  338 32738
  339 86738
  340 18326
  341 73541
  342 37541
  343 35138
  344 47139
  345 53140
  346 62745
  347 84347
  348 33947
  349 
  350 65136
  351 41150
  352 13547
  353 45939
  354 80754
  355 21955
  356 89155
  357 14757
  358 
  359 11159
  360 75946
  361 65161
  362 
  363 96363
  364 39959
  365 
  366 78366
  367 
  368 85538
  369 14769
  370 53170
  371 87970
  372 20772
  373 75972
  374 27974
  375 37575
  376 73576
  377 49577
  378 84378
  379 99979
  380 18380
  381 35181
  382 56782
  383 92783
  384 68779
  385 69955
  386 92746
  387 65187
  388 65188
  389 87988
  390 26750
  391 
  392 74787
  393 35179
  394 62794
  395 85595
  396 12395
  397 42383
  398 25598
  399 63999
  400 59195
  401 57946
  402 
  403 50803
  404 26803
  405 29204
  406 82006
  407 28006
  408 90403
  409 11204
  410 90405
  411 49611
  412 41212
  413 23213
  414 83209
  415 55615
  416 
  417 68817
  418 20818
  419 95219
  420 53220
  421 42420
  422 68822
  423 19622
  424 13624
  425 66395
  426 46026
  427 52026
  428 53228
  429 85629
  430 76000
  431 35217
  432 90432
  433 
  434 80834
  435 
  436 
  437 60437
  438 88038
  439 82038
  440 97640
  441 58040
  442 97642
  443 24443
  444 
  445 75905
  446 59246
  447 71247
  448 35248
  449 61649
  450 
  451 89251
  452 89252
  453 47252
  454 78454
  455 84400
  456 64042
  457 22057
  458 50857
  459 79659
  460 24446
  461 53261
  462 
  463 77263
  464 61663
  465 72465
  466 75975
  467 40012
  468 14868
  469 28064
  470 10070
  471 54471
  472 66471
  473 84473
  474 59274
  475 11275
  476 55676
  477 76077
  478 10077
  479 14879
  480 78479
  481 82080
  482 32882
  483 82083
  484 42484
  485 
  486 12456
  487 44873
  488 24488
  489 65288
  490 72490
  491 47291
  492 52092
  493 88093
  494 54493
  495 
  496 11296
  497 36496
  498 62898
  499 72499
  500 42500
  501 32896
  502 82102
  503 73703
  504 62903
  505 
  506 56906
  507 98906
  508 48508
  509 66509
  510 
  511 61711
  512 12512
  513 91713
  514 
  515 78460
  516 67716
  517 84512
  518 
  519 
  520 19720
  521 53321
  522 
  523 52068
  524 
  525 13725
  526 72525
  527 
  528 
  529 79729
  530 
  531 89331
  532 52132
  533 37642
  534 59334
  535 98935
  536 95331
  537 79737
  538 30537
  539 31734
  540 83955
  541 
  542 82142
  543 85743
  544 25743
  545 67744
  546 37745
  547 31747
  548 91743
  549 44949
  550 68950
  551 46151
  552 91751
  553 
  554 90549
  555 
  556 80951
  557 11357
  558 37758
  559 66559
  560 46160
  561 12561
  562 32962
  563 44933
  564 84564
  565 94164
  566 43766
  567 
  568 10168
  569 42569
  570 16170
  571 88171
  572 28172
  573 64172
  574 42483
  575 18575
  576 
  577 34177
  578 31778
  579 19778
  580 
  581 
  582 88182
  583 95383
  584 86983
  585 
  586 78572
  587 54587
  588 44983
  589 
  590 68990
  591 
  592 17392
  593 55792
  594 92964
  595 44995
  596 77396
  597 59397
  598 95113
  599 
  600 87000
  601 
  602 48602
  603 
  604 
  605 81005
  606 
  607 40207
  608 42578
  609 12609
  610 42609
  611 31810
  612 
  613 84613
  614 
  615 63015
  616 22215
  617 91817
  618 42618
  619 49819
  620 81020
  621 24621
  622 82222
  623 90623
  624 83424
  625 51024
  626 24626
  627 65426
  628 42628
  629 
  630 42630
  631 43831
  632 82232
  633 75019
  634 97834
  635 89434
  636 39035
  637 
  638 85838
  639 83434
  640 76226
  641 22241
  642 78642
  643 23442
  644 10244
  645 33044
  646 95446
  647 90646
  648 96634
  649 54619
  650 12620
  651 47360
  652 31852
  653 11452
  654 71454
  655 
  656 69056
  657 13852
  658 17453
  659 95459
  660 53460
  661 89461
  662 21062
  663 95408
  664 64264
  665 22264
  666 21065
  667 66662
  668 
  669 
  670 
  671 71457
  672 88272
  673 59473
  674 41474
  675 19875
  676 
  677 17192
  678 
  679 70279
  680 71479
  681 
  682 
  683 
  684 78684
  685 78685
  686 73885
  687 26883
  688 40288
  689 53489
  690 49890
  691 
  692 
  693 
  694 
  695 99095
  696 27095
  697 16297
  698 71498
  699 54685
  700 36700
  701 45101
  702 35497
  703 14899
  704 
  705 64305
  706 85905
  707 30707
  708 44812
  709 69095
  710 89510
  711 67911
  712 18712
  713 
  714 48714
  715 34315
  716 
  717 
  718 47518
  719 79914
  720 15119
  721 72721
  722 35522
  723 
  724 40310
  725 59520
  726 55926
  727 87127
  728 82314
  729 61929
  730 90729
  731 75126
  732 39132
  733 95532
  734 18734
  735 41505
  736 33106
  737 97932
  738 47538
  739 85939
  740 93140
  741 
  742 91928
  743 36743
  744 67944
  745 91945
  746 25946
  747 54747
  748 91948
  749 
  750 93150
  751 34321
  752 
  753 25953
  754 
  755 54755
  756 17556
  757 93143
  758 29418
  759 65559
  760 25930
  761 51161
  762 96761
  763 96733
  764 
  765 
  766 63166
  767 70367
  768 37968
  769 95569
  770 57169
  771 
  772 
  773 
  774 17574
  775 22361
  776 
  777 89537
  778 70378
  779 58379
  780 25980
  781 
  782 
  783 13978
  784 
  785 
  786 39186
  787 57187
  788 
  789 37989
  790 65589
  791 53590
  792 35592
  793 45193
  794 37994
  795 81190
  796 89591
  797 19997
  798 46398
  799 81199
  800 91999
  801 80001
  802 88402
  803 84802
  804 44004
  805 15114
  806 41592
  807 66807
  808 45207
  809 
  810 
  811 72811
  812 45212
  813 39212
  814 94414
  815 26015
  816 22416
  817 34403
  818 95618
  819 
  820 
  821 24821
  822 
  823 11623
  824 39224
  825 86025
  826 99226
  827 93227
  828 14027
  829 98028
  830 26030
  831 54831
  832 93231
  833 53632
  834 14033
  835 
  836 18831
  837 84807
  838 
  839 64425
  840 47640
  841 48786
  842 22441
  843 72843
  844 72844
  845 27245
  846 42846
  847 57247
  848 27248
  849 68049
  850 
  851 34446
  852 74047
  853 15252
  854 93253
  855 84800
  856 80056
  857 14056
  858 59658
  859 89659
  860 99259
  861 72861
  862 70462
  863 48858
  864 81259
  865 81265
  866 30866
  867 50066
  868 28468
  869 83669
  870 36865
  871 65671
  872 88472
  873 
  874 63274
  875 24875
  876 26075
  877 12877
  878 62078
  879 95679
  880 
  881 14081
  882 
  883 38078
  884 
  885 18871
  886 35686
  887 32087
  888 45287
  889 22489
  890 71689
  891 41661
  892 90892
  893 48888
  894 64494
  895 78895
  896 46496
  897 94497
  898 39297
  899 58499
  900 72900
  901 57301
  902 36847
  903 80098
  904 35704
  905 78904
  906 96905
  907 51306
  908 39308
  909 47704
  910 74105
  911 78911
  912 80112
  913 33308
  914 44114
  915 58514
  916 39316
  917 63317
  918 56118
  919 71718
  920 96920
  921 
  922 71722
  923 96922
  924 30924
  925 26124
  926 59726
  927 62127
  928 51327
  929 93328
  930 29700
  931 82531
  932 36902
  933 77719
  934 
  935 
  936 26122
  937 30937
  938 56138
  939 44109
  940 16510
  941 39341
  942 56137
  943 77603
  944 59689
  945 14145
  946 98146
  947 72946
  948 21348
  949 16549
  950 71750
  951 14060
  952 95722
  953 
  954 95754
  955 86155
  956 17755
  957 83757
  958 
  959 96959
  960 26160
  961 54960
  962 47762
  963 52563
  964 72963
  965 36910
  966 14161
  967 60962
  968 99368
  969 38169
  970 83756
  971 21366
  972 69317
  973 56159
  974 47774
  975 23761
  976 82576
  977 60976
  978 
  979 89779
  980 85884
  981 88526
  982 60982
  983 58583
  984 32184
  985 75384
  986 65731
  987 54932
  988 99388
  989 36989
  990 83790
  991 
  992 82592
  993 98188
  994 
  995 
  996 21341
  997 33397
  998 90998
  999 48908
 1000 91000
 1001 95801
 1002 
 1003 
 1004 34604
 1005 41805
 1006 92205
 1007 88607
 1008 16608
 1009 27408
 1010 69396
 1011 21411
 1012 88612
 1013 73013
 1014 39274
 1015 94230
 1016 13016
 1017 95762
 1018 15327
 1019 
 1020 97020
 1021 79021
 1022 18992
 1023 25023
 1024 82624
 1025 55024
 1026 20226
 1027 68227
 1028 19027
 1029 55028
 1030 40629
 1031 64631
 1032 28627
 1033 93433
 1034 80615
 1035 
 1036 88631
 1037 65832
 1038 73038
 1039 46639
 1040 28640
 1041 85040
 1042 67042
 1043 71843
 1044 40643
 1045 29831
 1046 21446
 1047 96992
 1048 
 1049 77849
 1050 61050
 1051 
 1052 52652
 1053 39453
 1054 33399
 1055 25055
 1056 74256
 1057 67057
 1058 65857
 1059 52658
 1060 85060
 1061 47860
 1062 97062
 1063 55063
 1064 
 1065 69374
 1066 39466
 1067 46667
 1068 56254
 1069 31069
 1070 11869
 1071 47871
 1072 29872
 1073 65782
 1074 44274
 1075 17875
 1076 35876
 1077 46677
 1078 49078
 1079 58678
 1080 77880
 1081 45476
 1082 74282
 1083 74283
 1084 17870
 1085 13071
 1086 64686
 1087 63486
 1088 15488
 1089 90885
 1090 
 1091 62291
 1092 92291
 1093 80288
 1094 
 1095 16695
 1096 23896
 1097 28697
 1098 50298
 1099 52698
 1100 80300
 1101 25101
 1102 
 1103 57503
 1104 94674
 1105 34700
 1106 92306
 1107 74277
 1108 86308
 1109 62309
 1110 51509
 1111 25111
 1112 52712
 1113 51513
 1114 63514
 1115 51514
 1116 87515
 1117 10662
 1118 39518
 1119 55119
 1120 45519
 1121 76721
 1122 71922
 1123 28723
 1124 98319
 1125 82724
 1126 62325
 1127 38327
 1128 14314
 1129 20274
 1130 
 1131 
 1132 47932
 1133 77933
 1134 53933
 1135 
 1136 
 1137 91137
 1138 83938
 1139 14339
 1140 59939
 1141 
 1142 41942
 1143 16738
 1144 32314
 1145 
 1146 
 1147 37147
 1148 61148
 1149 29948
 1150 28749
 1151 17950
 1152 35947
 1153 55123
 1154 26349
 1155 80355
 1156 62356
 1157 35957
 1158 
 1159 28754
 1160 63469
 1161 11961
 1162 
 1163 89963
 1164 97164
 1165 88765
 1166 71966
 1167 82766
 1168 99554
 1169 65969
 1170 63556
 1171 97166
 1172 29942
 1173 
 1174 89974
 1175 
 1176 29976
 1177 20377
 1178 77923
 1179 
 1180 
 1181 92381
 1182 17597
 1183 
 1184 27554
 1185 88400
 1186 27586
 1187 24902
 1188 56388
 1189 51588
 1190 75590
 1191 92391
 1192 24807
 1193 15593
 1194 
 1195 51581
 1196 64796
 1197 51596
 1198 95997
 1199 23985
