    0 72900
    1 29700
    2 48602
    3 47252
    4 58040
    5 78305
    6 81005
    7 74256
    8 52658
    9 79659
   10 85060
   11 51306
   12 56707
   13 
   14 93150
   15 89110
   16 52652
   17 91817
   18 14868
   19 31069
   20 17556
   21 81020
   22 
   23 
   24 17574
   25 20274
   26 
   27 62127
   28 51327
   29 14879
   30 
   31 45931
   32 74282
   33 74283
   34 
   35 99935
   36 99936
   37 39186
   38 35138
   39 32439
   40 45939
   41 47291
   42 
   43 
   44 
   45 33790
   46 72946
   47 36496
   48 13547
   49 14899
   50 63486
   51 
   52 17597
   53 52698
   54 22999
   55 89155
   56 83756
   57 83757
   58 
   59 
   60 
   61 43261
   62 66212
   63 33812
   64 63514
   65 
   66 78366
   67 39212
   68 72963
   69 
   70 32470
   71 
   72 
   73 59473
   74 39224
   75 
   76 52712
   77 93227
   78 
   79 99979
   80 70279
   81 93231
   82 56782
   83 64882
   84 79729
   85 
   86 54081
   87 79737
   88 64888
   89 
   90 83790
   91 
   92 41942
   93 25743
   94 12244
   95 86495
   96 33845
   97 16297
   98 
   99 90549
  100 77045
  101 43301
  102 76997
  103 93253
  104 55454
  105 68950
  106 18992
  107 63556
  108 
  109 27095
  110 47360
  111 35181
  112 87861
  113 73013
  114 48714
  115 
  116 50066
  117 35217
  118 28468
  119 31155
  120 59520
  121 
  122 10922
  123 
  124 13624
  125 39274
  126 44662
  127 20377
  128 19027
  129 40629
  130 
  131 29831
  132 
  133 91928
  134 35179
  135 
  136 
  137 
  138 73038
  139 71689
  140 68990
  141 
  142 
  143 24443
  144 98693
  145 91945
  146 86546
  147 95997
  148 39297
  149 35248
  150 66295
  151 89251
  152 89252
  153 91948
  154 78454
  155 
  156 46026
  157 86557
  158 39308
  159 90405
  160 32546
  161 78460
  162 
  163 
  164 
  165 
  166 39316
  167 70367
  168 71718
  169 37968
  170 
  171 
  172 71722
  173 90623
  174 94674
  175 
  176 54176
  177 29872
  178 70378
  179 78479
  180 63629
  181 82531
  182 
  183 93328
  184 86579
  185 21780
  186 97386
  187 48786
  188 24488
  189 37989
  190 81190
  191 62291
  192 39341
  193 74442
  194 37994
  195 
  196 90646
  197 54197
  198 33947
  199 81199
  200 71750
  201 24446
  202 
  203 85253
  204 91999
  205 17755
  206 56906
  207 69056
  208 
  209 62309
  210 51509
  211 
  212 60962
  213 51513
  214 51514
  215 
  216 67716
  217 52866
  218 
  219 63669
  220 63670
  221 87970
  222 
  223 63469
  224 
  225 13725
  226 75825
  227 82576
  228 
  229 97429
  230 62325
  231 89331
  232 60982
  233 96082
  234 40643
  235 
  236 
  237 
  238 83938
  239 87988
  240 60976
  241 86586
  242 82592
  243 29942
  244 86644
  245 27245
  246 12395
  247 21846
  248 27248
  249 65049
  250 36700
  251 46151
  252 
  253 29948
  254 96049
  255 83955
  256 62356
  257 
  258 67744
  259 81259
  260 46160
  261 
  262 70462
  263 23213
  264 79914
  265 81265
  266 55615
  267 44812
  268 47518
  269 15119
  270 96119
  271 63721
  272 59658
  273 78572
  274 82624
  275 69095
  276 29976
  277 28627
  278 15114
  279 90729
  280 25930
  281 51581
  282 31332
  283 93433
  284 
  285 
  286 
  287 
  288 88038
  289 63739
  290 28640
  291 42127
  292 54292
  293 71843
  294 36743
  295 
  296 51596
  297 25946
  298 
  299 
  300 61050
  301 
  302 51588
  303 96153
  304 39453
  305 58325
  306 12456
  307 
  308 48908
  309 
  310 16510
  311 
  312 74277
  313 77263
  314 43514
  315 
  316 39466
  317 25953
  318 47538
  319 59689
  320 17870
  321 24621
  322 66471
  323 44873
  324 54324
  325 17875
  326 24626
  327 55676
  328 
  329 58379
  330 25980
  331 65131
  332 
  333 38078
  334 51629
  335 40835
  336 65136
  337 51636
  338 32738
  339 86738
  340 59726
  341 
  342 78642
  343 88093
  344 
  345 84045
  346 75946
  347 28697
  348 50298
  349 16549
  350 
  351 80001
  352 13852
  353 
  354 78563
  355 21955
  356 98906
  357 
  358 
  359 11159
  360 66509
  361 65161
  362 53012
  363 12512
  364 89434
  365 26015
  366 89461
  367 
  368 42163
  369 38169
  370 63819
  371 
  372 75972
  373 28723
  374 82724
  375 75975
  376 
  377 31427
  378 
  379 48888
  380 26030
  381 
  382 39518
  383 44933
  384 78684
  385 78685
  386 98935
  387 65187
  388 65188
  389 84059
  390 62490
  391 47640
  392 
  393 
  394 
  395 
  396 75905
  397 36847
  398 61148
  399 44949
  400 28749
  401 17950
  402 15252
  403 30103
  404 11204
  405 92205
  406 80056
  407 
  408 16608
  409 66559
  410 89510
  411 67911
  412 12561
  413 27408
  414 76000
  415 40915
  416 71966
  417 82766
  418 28754
  419 
  420 36865
  421 88171
  422 35522
  423 
  424 84124
  425 26075
  426 42276
  427 34177
  428 53077
  429 
  430 
  431 
  432 20682
  433 88182
  434 44983
  435 19335
  436 90885
  437 71783
  438 96288
  439 
  440 97640
  441 
  442 97642
  443 55792
  444 67944
  445 63895
  446 77396
  447 73347
  448 80098
  449 58499
  450 44995
  451 89537
  452 36902
  453 
  454 47704
  455 18005
  456 90892
  457 22057
  458 
  459 12609
  460 36910
  461 
  462 80112
  463 71922
  464 58514
  465 28815
  466 
  467 69317
  468 74718
  469 57169
  470 12620
  471 54471
  472 26122
  473 
  474 26124
  475 11275
  476 25111
  477 76077
  478 49078
  479 13978
  480 
  481 
  482 15327
  483 32882
  484 
  485 
  486 74736
  487 57187
  488 65288
  489 85538
  490 53140
  491 40991
  492 50441
  493 35592
  494 54493
  495 16695
  496 11296
  497 73392
  498 46398
  499 84198
  500 
  501 32896
  502 
  503 
  504 
  505 92291
  506 23442
  507 92306
  508 24807
  509 93659
  510 26160
  511 
  512 47762
  513 96363
  514 
  515 
  516 
  517 19417
  518 
  519 
  520 53170
  521 89591
  522 20772
  523 61273
  524 47774
  525 69374
  526 24821
  527 73427
  528 95028
  529 
  530 66395
  531 
  532 38327
  533 42383
  534 14033
  535 
  536 88272
  537 74787
  538 16738
  539 36989
  540 84239
  541 14027
  542 66662
  543 48858
  544 59939
  545 85595
  546 99095
  547 57247
  548 90998
  549 63999
  550 68049
  551 72101
  552 41052
  553 
  554 27554
  555 91000
  556 93706
  557 11357
  558 
  559 89659
  560 69396
  561 14056
  562 32962
  563 62663
  564 
  565 34315
  566 43766
  567 
  568 20818
  569 
  570 53220
  571 34321
  572 
  573 
  574 14060
  575 24875
  576 55926
  577 
  578 53228
  579 85629
  580 
  581 14081
  582 92381
  583 86983
  584 42420
  585 50535
  586 35686
  587 27586
  588 54587
  589 
  590 
  591 92391
  592 64042
  593 93743
  594 
  595 30295
  596 46496
  597 16797
  598 
  599 
  600 87000
  601 57301
  602 24902
  603 
  604 35704
  605 78904
  606 70805
  607 
  608 
  609 78895
  610 70810
  611 53261
  612 78911
  613 95113
  614 
  615 22215
  616 
  617 51917
  618 92417
  619 84319
  620 10070
  621 39771
  622 47871
  623 28972
  624 58583
  625 16825
  626 65426
  627 81627
  628 58678
  629 
  630 
  631 43831
  632 10077
  633 82983
  634 97834
  635 42484
  636 
  637 
  638 15488
  639 80288
  640 76226
  641 73541
  642 22241
  643 45193
  644 33044
  645 14145
  646 18195
  647 84347
  648 
  649 54619
  650 42500
  651 80300
  652 88402
  653 11452
  654 34403
  655 41150
  656 
  657 66807
  658 45207
  659 62745
  660 61410
  661 14161
  662 38462
  663 45212
  664 22264
  665 47860
  666 
  667 77603
  668 60067
  669 
  670 
  671 53321
  672 
  673 
  674 
  675 
  676 73576
  677 99226
  678 84378
  679 89779
  680 83029
  681 83031
  682 47932
  683 39833
  684 31734
  685 54685
  686 
  687 91137
  688 42483
  689 
  690 70890
  691 45101
  692 16892
  693 85743
  694 62794
  695 27690
  696 34446
  697 37147
  698 31747
  699 26349
  700 84400
  701 
  702 
  703 
  704 
  705 80355
  706 33106
  707 
  708 
  709 99259
  710 
  711 
  712 41212
  713 
  714 
  715 16915
  716 
  717 
  718 10168
  719 95219
  720 42569
  721 79021
  722 88472
  723 19622
  724 25023
  725 
  726 52026
  727 68227
  728 31778
  729 42578
  730 
  731 
  732 87127
  733 97932
  734 
  735 
  736 64172
  737 45287
  738 61488
  739 46639
  740 
  741 12877
  742 
  743 15593
  744 92544
  745 
  746 
  747 54747
  748 15597
  749 61499
  750 
  751 81751
  752 70947
  753 39898
  754 
  755 25055
  756 54755
  757 27757
  758 49357
  759 42609
  760 65559
  761 22361
  762 
  763 
  764 48014
  765 66901
  766 
  767 46667
  768 56118
  769 42618
  770 77719
  771 
  772 
  773 84473
  774 75019
  775 
  776 18326
  777 93927
  778 46677
  779 42628
  780 42630
  781 35876
  782 50732
  783 
  784 96634
  785 
  786 27786
  787 56137
  788 85838
  789 56138
  790 65589
  791 
  792 52092
  793 
  794 10244
  795 
  796 
  797 
  798 62898
  799 
  800 
  801 25101
  802 31852
  803 73703
  804 44004
  805 
  806 88526
  807 
  808 48053
  809 56159
  810 53460
  811 80461
  812 21062
  813 84512
  814 64264
  815 21065
  816 22416
  817 57503
  818 99368
  819 48069
  820 19720
  821 
  822 48067
  823 11623
  824 
  825 23761
  826 
  827 58877
  828 14314
  829 98028
  830 18380
  831 54831
  832 52132
  833 62903
  834 38634
  835 37284
  836 95331
  837 30537
  838 99388
  839 53489
  840 14339
  841 22441
  842 71042
  843 
  844 
  845 
  846 38646
  847 35947
  848 85884
  849 
  850 
  851 31810
  852 
  853 50803
  854 29204
  855 15705
  856 64305
  857 81857
  858 88607
  859 34604
  860 85905
  861 37310
  862 88612
  863 89963
  864 84564
  865 60260
  866 13016
  867 40012
  868 
  869 
  870 
  871 65671
  872 
  873 83209
  874 69724
  875 89974
  876 26526
  877 75126
  878 19778
  879 
  880 
  881 88631
  882 
  883 95383
  884 96733
  885 
  886 
  887 35957
  888 
  889 22489
  890 85939
  891 81891
  892 67042
  893 92693
  894 
  895 60295
  896 71096
  897 58947
  898 79198
  899 61649
  900 69750
  901 
  902 25197
  903 35497
  904 77849
  905 56254
  906 
  907 67057
  908 33308
  909 44109
  910 26560
  911 57611
  912 50857
  913 84613
  914 44114
  915 72465
  916 96761
  917 
  918 61663
  919 
  920 46820
  921 13071
  922 95408
  923 
  924 
  925 
  926 45476
  927 37377
  928 
  929 63015
  930 77880
  931 65731
  932 54932
  933 
  934 
  935 88400
  936 
  937 
  938 
  939 
  940 72490
  941 53590
  942 
  943 38713
  944 
  945 69790
  946 98146
  947 23896
  948 
  949 72499
  950 37400
  951 95446
  952 46852
  953 
  954 25249
  955 15804
  956 
  957 
  958 
  959 95459
  960 54960
  961 61711
  962 
  963 
  964 34700
  965 80615
  966 
  967 25267
  968 
  969 45519
  970 
  971 48221
  972 52068
  973 77923
  974 41474
  975 19875
  976 72525
  977 49577
  978 
  979 59029
  980 86025
  981 
  982 53632
  983 92783
  984 77933
  985 73885
  986 
  987 65782
  988 15838
  989 98188
  990 92699
  991 
  992 17192
  993 68488
  994 
  995 
  996 42846
  997 79297
  998 33397
  999 33399
 1000 
 1001 92746
 1002 
 1003 
 1004 27974
 1005 36105
 1006 82006
 1007 30707
 1008 
 1009 99554
 1010 41505
 1011 28006
 1012 46912
 1013 68513
 1014 94164
 1015 88765
 1016 49611
 1017 
 1018 
 1019 
 1020 80670
 1021 
 1022 
 1023 
 1024 55024
 1025 18575
 1026 
 1027 
 1028 55028
 1029 
 1030 64425
 1031 
 1032 95532
 1033 65832
 1034 
 1035 23985
 1036 
 1037 32087
 1038 60437
 1039 56388
 1040 
 1041 
 1042 
 1043 82038
 1044 64494
 1045 
 1046 
 1047 71247
 1048 37497
 1049 33449
 1050 
 1051 
 1052 32097
 1053 
 1054 56404
 1055 96905
 1056 14556
 1057 65857
 1058 40207
 1059 
 1060 88810
 1061 48311
 1062 57757
 1063 55063
 1064 28064
 1065 
 1066 63166
 1067 
 1068 29418
 1069 95569
 1070 96920
 1071 46971
 1072 96922
 1073 57772
 1074 44274
 1075 83424
 1076 69926
 1077 
 1078 
 1079 51024
 1080 94230
 1081 82080
 1082 
 1083 11869
 1084 82083
 1085 83434
 1086 
 1087 88807
 1088 45633
 1089 24038
 1090 
 1091 37541
 1092 41592
 1093 
 1094 25394
 1095 
 1096 45646
 1097 19997
 1098 21348
 1099 45649
 1100 34849
 1101 67246
 1102 84802
 1103 82102
 1104 80754
 1105 86155
 1106 24055
 1107 88857
 1108 14608
 1109 96959
 1110 14610
 1111 
 1112 84807
 1113 99658
 1114 84800
 1115 87515
 1116 21366
 1117 
 1118 95618
 1119 55119
 1120 99670
 1121 76721
 1122 
 1123 55123
 1124 98319
 1125 37575
 1126 67276
 1127 
 1128 
 1129 
 1130 88880
 1131 
 1132 
 1133 
 1134 32184
 1135 75384
 1136 47036
 1137 
 1138 40288
 1139 
 1140 
 1141 
 1142 96992
 1143 82142
 1144 
 1145 59195
 1146 21341
 1147 74047
 1148 56497
 1149 
 1150 
 1151 14596
 1152 
 1153 26803
 1154 56504
 1155 26750
 1156 
 1157 
 1158 
 1159 
 1160 40310
 1161 21411
 1162 11961
 1163 13313
 1164 92964
 1165 99710
 1166 30866
 1167 18712
 1168 
 1169 65969
 1170 97020
 1171 72721
 1172 28172
 1173 
 1174 63274
 1175 88925
 1176 
 1177 
 1178 34928
 1179 95679
 1180 61929
 1181 64631
 1182 
 1183 
 1184 80834
 1185 36285
 1186 
 1187 
 1188 
 1189 18734
 1190 
 1191 25491
 1192 17392
 1193 57892
 1194 57894
 1195 88945
 1196 21446
 1197 25497
 1198 67348
 1199 34948
 1200 
 1201 59246
 1202 
 1203 
 1204 
 1205 74105
 1206 67356
 1207 
 1208 
 1209 
 1210 
 1211 51161
 1212 97062
 1213 10662
 1214 
 1215 78165
 1216 41661
 1217 63317
 1218 
 1219 49819
 1220 
 1221 43016
 1222 82222
 1223 95722
 1224 30924
 1225 59274
 1226 
 1227 90327
 1228 
 1229 
 1230 
 1231 
 1232 82232
 1233 26883
 1234 14734
 1235 39035
 1236 64686
 1237 30937
 1238 
 1239 47139
 1240 
 1241 
 1242 
 1243 
 1244 39959
 1245 69955
 1246 57946
 1247 37642
 1248 
 1249 
 1250 
 1251 
 1252 
 1253 17453
 1254 95754
 1255 24205
 1256 
 1257 14757
 1258 86308
 1259 71454
 1260 67410
 1261 72811
 1262 13412
 1263 52563
 1264 32314
 1265 87665
 1266 12066
 1267 95762
 1268 91713
 1269 94414
 1270 14769
 1271 71457
 1272 48508
 1273 66072
 1274 75519
 1275 
 1276 
 1277 44477
 1278 
 1279 68779
 1280 71479
 1281 18831
 1282 70131
 1283 53933
 1284 59334
 1285 
 1286 
 1287 
 1288 
 1289 
 1290 49890
 1291 
 1292 
 1293 91743
 1294 99844
 1295 44495
 1296 35045
 1297 
 1298 25598
 1299 72844
 1300 13450
 1301 95801
 1302 91751
 1303 45852
 1304 90403
 1305 41805
 1306 80951
 1307 72843
 1308 37758
 1309 76909
 1310 67460
 1311 72861
 1312 71498
 1313 51258
 1314 82314
 1315 97164
 1316 97166
 1317 68817
 1318 
 1319 83669
 1320 16170
 1321 18871
 1322 68822
 1323 
 1324 56674
 1325 37745
 1326 20226
 1327 
 1328 62078
 1329 12129
 1330 33730
 1331 
 1332 39132
 1333 90432
 1334 
 1335 13485
 1336 
 1337 55332
 1338 12137
 1339 22925
 1340 75590
 1341 93140
 1342 78292
 1343 93143
 1344 
 1345 85040
 1346 64796
 1347 94497
 1348 59397
 1349 
