    0 42500
    1 80001
    2 37497
    3 57503
    4 28749
    5 28754
    6 83756
    7 83757
    8 51258
    9 81259
   10 63556
   11 23761
   12 12512
   13 40012
   14 42484
   15 88765
   16 43766
   17 
   18 47518
   19 75019
   20 81265
   21 63486
   22 
   23 25023
   24 61273
   25 72525
   26 11275
   27 
   28 95028
   29 55028
   30 68779
   31 82531
   32 
   33 
   34 56254
   35 36285
   36 48786
   37 
   38 96288
   39 47538
   40 83790
   41 37541
   42 
   43 
   44 92544
   45 66295
   46 11296
   47 16297
   48 
   49 65049
   50 46160
   51 32546
   52 
   53 
   54 55024
   55 25055
   56 51306
   57 80056
   58 86308
   59 35045
   60 85060
   61 88810
   62 33812
   63 52563
   64 55063
   65 28815
   66 50066
   67 68817
   68 27554
   69 42569
   70 10070
   71 88807
   72 68822
   73 
   74 17574
   75 37575
   76 82576
   77 51327
   78 42578
   79 
   80 
   81 43831
   82 31332
   83 63819
   84 
   85 84800
   86 27586
   87 
   88 
   89 
   90 
   91 10077
   92 82592
   93 39274
   94 
   95 33845
   96 21341
   97 17597
   98 80098
   99 21348
  100 26349
  101 25101
  102 13852
  103 30103
  104 77603
  105 
  106 45101
  107 11357
  108 88857
  109 12609
  110 42609
  111 57611
  112 80112
  113 96363
  114 15114
  115 
  116 12561
  117 21366
  118 42618
  119 55119
  120 15119
  121 18871
  122 48858
  123 55123
  124 82624
  125 12620
  126 75126
  127 58877
  128 42628
  129 
  130 88880
  131 42630
  132 65131
  133 
  134 
  135 73885
  136 65136
  137 
  138 56388
  139 35138
  140 47640
  141 97640
  142 97642
  143 95113
  144 
  145 63895
  146 23896
  147 17556
  148 46398
  149 
  150 78895
  151 
  152 48888
  153 52652
  154 78904
  155 87515
  156 98906
  157 
  158 52658
  159 48908
  160 61410
  161 21411
  162 65161
  163 62663
  164 
  165 87665
  166 78911
  167 
  168 10168
  169 
  170 
  171 
  172 18831
  173 
  174 
  175 88925
  176 
  177 93927
  178 31427
  179 35179
  180 33790
  181 35181
  182 
  183 53933
  184 56404
  185 98935
  186 70131
  187 65187
  188 65188
  189 83938
  190 27690
  191 54685
  192 
  193 92693
  194 45193
  195 88945
  196 21446
  197 33947
  198 52698
  199 92699
  200 68950
  201 
  202 11452
  203 
  204 47704
  205 71454
  206 83955
  207 45207
  208 40207
  209 
  210 
  211 58947
  212 45212
  213 52712
  214 
  215 
  216 67716
  217 35217
  218 
  219 95219
  220 77719
  221 72721
  222 66471
  223 28972
  224 41474
  225 82724
  226 20226
  227 25197
  228 13978
  229 71479
  230 
  231 75946
  232 
  233 37642
  234 
  235 23985
  236 66395
  237 71457
  238 61488
  239 32738
  240 68990
  241 
  242 18992
  243 
  244 10244
  245 86495
  246 36496
  247 46496
  248 71498
  249 63999
  250 25249
  251 92746
  252 56497
  253 85253
  254 56504
  255 44004
  256 17755
  257 27757
  258 67744
  259 37758
  260 16510
  261 60260
  262 47762
  263 51513
  264 51514
  265 
  266 15252
  267 25267
  268 
  269 41505
  270 
  271 79021
  272 57772
  273 51509
  274 47774
  275 62745
  276 26526
  277 19027
  278 35248
  279 70279
  280 59029
  281 
  282 14027
  283 92783
  284 14033
  285 39035
  286 27786
  287 45287
  288 65288
  289 40288
  290 
  291 
  292 64042
  293 24038
  294 56159
  295 30295
  296 86546
  297 74047
  298 50298
  299 16549
  300 84045
  301 80300
  302 80288
  303 
  304 61499
  305 24055
  306 69056
  307 86557
  308 62794
  309 60295
  310 26560
  311 72811
  312 57757
  313 
  314 66559
  315 40310
  316 
  317 
  318 
  319 
  320 14056
  321 82766
  322 
  323 84059
  324 14060
  325 85040
  326 
  327 90327
  328 49078
  329 86579
  330 
  331 14081
  332 54081
  333 55332
  334 97834
  335 
  336 95331
  337 86586
  338 51588
  339 
  340 
  341 15327
  342 41592
  343 72843
  344 72844
  345 99095
  346 51596
  347 42846
  348 
  349 77849
  350 66509
  351 
  352 60067
  353 
  354 
  355 74105
  356 80355
  357 
  358 16608
  359 44109
  360 89110
  361 72861
  362 87861
  363 
  364 44114
  365 20274
  366 52866
  367 70367
  368 
  369 
  370 17870
  371 47871
  372 
  373 11623
  374 84124
  375 17875
  376 
  377 20377
  378 70378
  379 51629
  380 26124
  381 77880
  382 39132
  383 95383
  384 96634
  385 37745
  386 51636
  387 32882
  388 
  389 46639
  390 47860
  391 12877
  392 57892
  393 
  394 86644
  395 14145
  396 32896
  397 
  398 62898
  399 57894
  400 72900
  401 
  402 
  403 90403
  404 61649
  405 89155
  406 90405
  407 81627
  408 25394
  409 95408
  410 
  411 67911
  412 41661
  413 61663
  414 94164
  415 
  416 14161
  417 46667
  418 
  419 
  420 
  421 
  422 64172
  423 77923
  424 56674
  425 22925
  426 65426
  427 46677
  428 34177
  429 
  430 
  431 54176
  432 47932
  433 90432
  434 77933
  435 
  436 39186
  437 60437
  438 
  439 71689
  440 
  441 50441
  442 66662
  443 
  444 67944
  445 16695
  446 95446
  447 72946
  448 54197
  449 84198
  450 36700
  451 17950
  452 
  453 79198
  454 29204
  455 55454
  456 24205
  457 56707
  458 62903
  459 95459
  460 57946
  461 80461
  462 70462
  463 32962
  464 72963
  465 92964
  466 61711
  467 39212
  468 71718
  469 37968
  470 87970
  471 76721
  472 71722
  473 
  474 39224
  475 27974
  476 99226
  477 45476
  478 
  479 
  480 94230
  481 
  482 
  483 82983
  484 31734
  485 69095
  486 
  487 97932
  488 16738
  489 37989
  490 84239
  491 25491
  492 
  493 91743
  494 37994
  495 
  496 59246
  497 25497
  498 36743
  499 22999
  500 71750
  501 89251
  502 91751
  503 89252
  504 
  505 18005
  506 74256
  507 28006
  508 
  509 99259
  510 
  511 31747
  512 53012
  513 73013
  514 64264
  515 81751
  516 96761
  517 13016
  518 15488
  519 45519
  520 63015
  521 43016
  522 35522
  523 44873
  524 44274
  525 59274
  526 
  527 74277
  528 31778
  529 98028
  530 21780
  531 83031
  532 74282
  533 56782
  534 74283
  535 50535
  536 59195
  537 30537
  538 88038
  539 73038
  540 58040
  541 
  542 54292
  543 86738
  544 48014
  545 33044
  546 95532
  547 79297
  548 39297
  549 68049
  550 90549
  551 
  552 85538
  553 26803
  554 48053
  555 41805
  556 64305
  557 66807
  558 39308
  559 65559
  560 31810
  561 16797
  562 
  563 71783
  564 14314
  565 34315
  566 39316
  567 91817
  568 48067
  569 84319
  570 46820
  571 34321
  572 69317
  573 
  574 95569
  575 16825
  576 13071
  577 53077
  578 28064
  579 54324
  580 
  581 89331
  582 
  583 48069
  584 59334
  585 19335
  586 
  587 
  588 35497
  589 65589
  590 75590
  591 39341
  592 35592
  593 15593
  594 14339
  595 85595
  596 21846
  597 84347
  598 25598
  599 
  600 
  601 
  602 46852
  603 31852
  604 
  605 
  606 33106
  607 81857
  608 49357
  609 39959
  610 75519
  611 15597
  612 
  613 
  614 
  615 36865
  616 55615
  617 25111
  618 99368
  619 11869
  620 80615
  621 
  622 
  623 90623
  624 69374
  625 
  626 
  627 36847
  628 84378
  629 85629
  630 40629
  631 
  632 95618
  633 45633
  634 26883
  635 
  636 
  637 
  638 99388
  639 
  640 53140
  641 81891
  642 16892
  643 40643
  644 93143
  645 93140
  646 98146
  647 45646
  648 71843
  649 45649
  650 93150
  651 90646
  652 36902
  653 34403
  654 
  655 96905
  656 56906
  657 
  658 
  659 76909
  660 36910
  661 59397
  662 46912
  663 10662
  664 94414
  665 16915
  666 63166
  667 19417
  668 51917
  669 38169
  670 80670
  671 53170
  672 65671
  673 28172
  674 
  675 96920
  676 55676
  677 96922
  678 91928
  679 95679
  680 61929
  681 66901
  682 20682
  683 88182
  684 88093
  685 88171
  686 35686
  687 96733
  688 98188
  689 89434
  690 
  691 
  692 41942
  693 24443
  694 
  695 18195
  696 91945
  697 34446
  698 91948
  699 
  700 
  701 24446
  702 71922
  703 39453
  704 35704
  705 21955
  706 15705
  707 30707
  708 
  709 96959
  710 83209
  711 11961
  712 89461
  713 23213
  714 
  715 
  716 71966
  717 39466
  718 38078
  719 
  720 53220
  721 46971
  722 54471
  723 59473
  724 84473
  725 
  726 48221
  727 68227
  728 93227
  729 53228
  730 90729
  731 93231
  732 44477
  733 86983
  734 
  735 
  736 95722
  737 69396
  738 24488
  739 36989
  740 
  741 84400
  742 96992
  743 85743
  744 25743
  745 44495
  746 50732
  747 94497
  748 91713
  749 64494
  750 87000
  751 
  752 76997
  753 93253
  754 95754
  755 80754
  756 82006
  757 54493
  758 
  759 29418
  760 89510
  761 53261
  762 43261
  763 91999
  764 
  765 
  766 64425
  767 84512
  768 39518
  769 75384
  770 97020
  771 59520
  772 20772
  773 88272
  774 63274
  775 
  776 52026
  777 
  778 
  779 
  780 
  781 
  782 65782
  783 74442
  784 
  785 26750
  786 47036
  787 89537
  788 82038
  789 
  790 
  791 
  792 55792
  793 67042
  794 
  795 77045
  796 
  797 78292
  798 
  799 
  800 
  801 43301
  802 95801
  803 50803
  804 15804
  805 78305
  806 14556
  807 22057
  808 67057
  809 33308
  810 70810
  811 48311
  812 97062
  813 13313
  814 84564
  815 
  816 12066
  817 63317
  818 20818
  819 98319
  820 
  821 53321
  822 65731
  823 52068
  824 
  825 75825
  826 18326
  827 49577
  828 38327
  829 93328
  830 82080
  831 
  832 65832
  833 82083
  834 80834
  835 40835
  836 
  837 32087
  838 15838
  839 85838
  840 
  841 89591
  842 52092
  843 
  844 
  845 27095
  846 14596
  847 73347
  848 32097
  849 
  850 
  851 72101
  852 82102
  853 45852
  854 34604
  855 58325
  856 
  857 65857
  858 14608
  859 99554
  860 14610
  861 49611
  862 50857
  863 84613
  864 
  865 
  866 30866
  867 78366
  868 
  869 78165
  870 54619
  871 24621
  872 19622
  873 87988
  874 
  875 
  876 24626
  877 62127
  878 87127
  879 12129
  880 58379
  881 18380
  882 52132
  883 62078
  884 85884
  885 90885
  886 64631
  887 12137
  888 
  889 47139
  890 70890
  891 42127
  892 73392
  893 82142
  894 
  895 
  896 70805
  897 33397
  898 37147
  899 33399
  900 88400
  901 
  902 88402
  903 
  904 
  905 85905
  906 35876
  907 
  908 99658
  909 89659
  910 79659
  911 
  912 13412
  913 44662
  914 97164
  915 40915
  916 97166
  917 
  918 42163
  919 57169
  920 99670
  921 
  922 10922
  923 
  924 30924
  925 83424
  926 55926
  927 73427
  928 54587
  929 94674
  930 25930
  931 45931
  932 
  933 93433
  934 83434
  935 32184
  936 64686
  937 30937
  938 57187
  939 85939
  940 45939
  941 
  942 23442
  943 17192
  944 59689
  945 
  946 25946
  947 70947
  948 35947
  949 33449
  950 29700
  951 80951
  952 
  953 25953
  954 78454
  955 92205
  956 
  957 35957
  958 
  959 
  960 53460
  961 99710
  962 38462
  963 60962
  964 34700
  965 22215
  966 95762
  967 
  968 74718
  969 65969
  970 19720
  971 
  972 88472
  973 82222
  974 69724
  975 75975
  976 59726
  977 60976
  978 
  979 78479
  980 25980
  981 51581
  982 60982
  983 82232
  984 79729
  985 13485
  986 74736
  987 79737
  988 68488
  989 53489
  990 78460
  991 40991
  992 22241
  993 
  994 12244
  995 27245
  996 67246
  997 54747
  998 27248
  999 90998
 1000 69750
 1001 91000
 1002 57247
 1003 47252
 1004 58499
 1005 81005
 1006 54755
 1007 14757
 1008 48508
 1009 
 1010 
 1011 95997
 1012 
 1013 77263
 1014 22264
 1015 63514
 1016 26015
 1017 
 1018 68513
 1019 58514
 1020 81020
 1021 39771
 1022 
 1023 28468
 1024 51024
 1025 86025
 1026 42276
 1027 67276
 1028 19778
 1029 89779
 1030 26030
 1031 46026
 1032 90892
 1033 14769
 1034 37284
 1035 83029
 1036 
 1037 74787
 1038 
 1039 14734
 1040 69790
 1041 73541
 1042 71042
 1043 
 1044 43514
 1045 75905
 1046 64796
 1047 13547
 1048 59658
 1049 96049
 1050 61050
 1051 57301
 1052 84802
 1053 41052
 1054 
 1055 62291
 1056 88526
 1057 84807
 1058 24807
 1059 62309
 1060 37310
 1061 92306
 1062 21062
 1063 75972
 1064 82314
 1065 21065
 1066 
 1067 44812
 1068 78563
 1069 31069
 1070 49819
 1071 92291
 1072 24821
 1073 66072
 1074 
 1075 18575
 1076 73576
 1077 76077
 1078 32314
 1079 
 1080 26075
 1081 54831
 1082 29831
 1083 96082
 1084 58583
 1085 
 1086 78572
 1087 
 1088 39833
 1089 62325
 1090 53590
 1091 76000
 1092 
 1093 
 1094 99844
 1095 
 1096 71096
 1097 
 1098 67348
 1099 34849
 1100 
 1101 
 1102 48602
 1103 
 1104 
 1105 36105
 1106 62356
 1107 88607
 1108 
 1109 63469
 1110 47360
 1111 67356
 1112 88612
 1113 
 1114 
 1115 
 1116 22361
 1117 
 1118 56118
 1119 96119
 1120 
 1121 
 1122 26122
 1123 29872
 1124 13624
 1125 19875
 1126 24875
 1127 28627
 1128 37377
 1129 14879
 1130 63629
 1131 92381
 1132 53632
 1133 42383
 1134 38634
 1135 
 1136 97386
 1137 56137
 1138 56138
 1139 64888
 1140 28640
 1141 92391
 1142 17392
 1143 78642
 1144 
 1145 12395
 1146 77396
 1147 38646
 1148 61148
 1149 14899
 1150 37400
 1151 46151
 1152 24902
 1153 96153
 1154 49890
 1155 86155
 1156 31155
 1157 
 1158 27408
 1159 11159
 1160 26160
 1161 51161
 1162 39898
 1163 
 1164 79914
 1165 67410
 1166 22416
 1167 91137
 1168 92417
 1169 83669
 1170 63670
 1171 16170
 1172 
 1173 93659
 1174 63669
 1175 42420
 1176 69926
 1177 
 1178 58678
 1179 97429
 1180 41150
 1181 47291
 1182 54932
 1183 34928
 1184 78684
 1185 99935
 1186 99936
 1187 64882
 1188 44933
 1189 59939
 1190 78685
 1191 81190
 1192 29942
 1193 98693
 1194 32439
 1195 
 1196 22441
 1197 28697
 1198 29948
 1199 44949
 1200 81199
 1201 
 1202 
 1203 73703
 1204 11204
 1205 69955
 1206 12456
 1207 93706
 1208 17453
 1209 14868
 1210 67460
 1211 54960
 1212 41212
 1213 89963
 1214 48714
 1215 72465
 1216 
 1217 18712
 1218 38713
 1219 
 1220 32470
 1221 63721
 1222 88631
 1223 28723
 1224 89974
 1225 13725
 1226 66212
 1227 29976
 1228 34948
 1229 99979
 1230 33730
 1231 76226
 1232 
 1233 44983
 1234 18734
 1235 13450
 1236 
 1237 
 1238 42483
 1239 63739
 1240 62490
 1241 72490
 1242 
 1243 93743
 1244 22489
 1245 44995
 1246 
 1247 19997
 1248 71247
 1249 72499
