    0 [91000, 88400]
    1 
    2 [88402]
    3 
    4 
    5 [74105]
    6 [92306]
    7 
    8 
    9 [83209]
   10 [40310]
   11 [72811]
   12 [33812, 84512]
   13 
   14 [58514, 14314]
   15 [16915, 26015, 80615]
   16 [13016]
   17 
   18 [20818]
   19 [45519, 54619]
   20 [46820]
   21 [53321, 63721, 76721]
   22 
   23 
   24 
   25 
   26 [55926, 52026]
   27 [87127, 28627]
   28 
   29 
   30 [26030]
   31 
   32 [50732]
   33 
   34 
   35 [39035]
   36 
   37 
   38 [85838, 35138]
   39 [63739, 14339]
   40 [28640]
   41 
   42 [23442, 29942]
   43 [72843]
   44 [72844]
   45 [33845, 37745]
   46 [32546]
   47 [57247]
   48 [61148, 29948]
   49 [65049]
   50 [68950]
   51 
   52 [46852]
   53 
   54 
   55 
   56 
   57 
   58 [37758]
   59 [93659]
   60 
   61 [72861, 41661]
   62 
   63 
   64 [84564]
   65 
   66 
   67 
   68 [52068]
   69 
   70 [80670]
   71 [13071]
   72 [88472]
   73 
   74 [44274]
   75 [26075]
   76 [29976]
   77 
   78 
   79 [70279, 89779, 35179]
   80 
   81 [92381, 35181]
   82 
   83 [58583]
   84 [85884]
   85 [54685]
   86 
   87 
   88 [96288]
   89 
   90 [62490, 68990]
   91 [92391]
   92 [52092]
   93 
   94 
   95 [66395]
   96 [36496]
   97 [28697]
   98 
   99 
  100 [72900]
  101 [57301]
  102 
  103 [50803]
  104 
  105 [15705, 85905]
  106 [98906, 82006, 93706]
  107 [24807]
  108 [27408]
  109 
  110 
  111 
  112 [46912]
  113 [84613]
  114 
  115 [22215]
  116 [67716, 43016]
  117 [35217, 92417]
  118 
  119 [63819, 75519]
  120 
  121 [24821, 48221]
  122 [19622, 26122]
  123 [28723]
  124 [26124]
  125 
  126 [18326, 88526]
  127 
  128 [95028]
  129 
  130 
  131 [65131]
  132 [52132, 31332, 39132]
  133 [45633]
  134 
  135 [98935]
  136 [65136]
  137 [91137]
  138 [82038]
  139 [59939, 85939]
  140 [97640]
  141 [22241]
  142 [97642]
  143 [93743]
  144 [67744]
  145 
  146 [72946, 45646]
  147 [54747, 33947]
  148 [35248]
  149 [45649, 28749]
  150 
  151 
  152 
  153 
  154 [80754, 28754]
  155 [54755]
  156 [74256, 69056]
  157 [50857]
  158 
  159 
  160 [53460, 26160]
  161 [65161]
  162 
  163 [96363, 72963]
  164 [22264]
  165 [78165]
  166 
  167 [70367]
  168 
  169 [11869]
  170 
  171 [46971, 66471]
  172 
  173 [61273]
  174 
  175 [24875]
  176 
  177 [49577, 74277]
  178 [70378, 58678]
  179 
  180 [18380, 82080]
  181 
  182 [74282]
  183 [74283, 82083]
  184 
  185 
  186 [39186]
  187 [65187]
  188 [65188]
  189 [53489, 71689]
  190 [75590]
  191 
  192 
  193 
  194 
  195 [63895, 69095]
  196 
  197 
  198 
  199 
  200 
  201 
  202 [82102, 24902]
  203 [30103]
  204 [15804]
  205 [41805]
  206 
  207 [88607]
  208 
  209 [76909, 66509]
  210 
  211 [48311, 49611]
  212 [88612, 39212]
  213 [73013, 95113]
  214 
  215 [28815]
  216 
  217 
  218 [56118, 71718]
  219 
  220 [19720]
  221 
  222 [71722]
  223 
  224 [39224, 83424]
  225 [86025]
  226 
  227 [31427]
  228 
  229 
  230 
  231 [54831, 88631]
  232 
  233 
  234 [80834, 83434]
  235 
  236 [47036]
  237 [56137]
  238 [15838, 56138, 73038, 32738]
  239 
  240 
  241 
  242 [82142]
  243 
  244 [92544]
  245 
  246 
  247 
  248 
  249 
  250 [71750]
  251 
  252 
  253 
  254 [27554]
  255 
  256 [14556]
  257 
  258 
  259 [66559, 56159]
  260 
  261 [11961, 22361]
  262 [70462, 21062, 10662]
  263 [89963, 62663]
  264 
  265 [21065]
  266 
  267 [60067]
  268 [37968]
  269 
  270 
  271 
  272 
  273 
  274 [89974, 39274]
  275 
  276 
  277 [44477]
  278 [19778]
  279 
  280 
  281 
  282 
  283 [71783]
  284 
  285 
  286 [27586]
  287 
  288 [65288]
  289 [37989]
  290 [53590]
  291 
  292 [78292, 17192]
  293 
  294 [37994]
  295 [44495, 99095]
  296 [14596]
  297 [39297, 76997]
  298 
  299 [63999]
  300 [36700, 84800]
  301 
  302 [84802]
  303 [57503]
  304 
  305 [78305]
  306 
  307 [84807]
  308 [39308, 14608]
  309 
  310 [14610, 61410]
  311 [67911]
  312 
  313 [13313]
  314 
  315 
  316 [39316, 22416]
  317 
  318 
  319 [95219]
  320 
  321 
  322 [82222]
  323 [25023]
  324 [51024]
  325 
  326 
  327 [93927]
  328 
  329 [40629]
  330 
  331 
  332 [53632, 82232, 54932]
  333 
  334 [97834]
  335 
  336 
  337 
  338 
  339 [47139]
  340 
  341 [39341, 22441]
  342 [64042, 41942, 74442]
  343 [71843, 36743, 40643]
  344 [67944]
  345 [77045, 62745]
  346 
  347 
  348 
  349 [26349]
  350 
  351 [80951]
  352 [45852]
  353 
  354 [56254]
  355 [86155, 25055]
  356 
  357 
  358 
  359 [79659]
  360 [54960]
  361 [43261, 23761]
  362 [66662]
  363 
  364 
  365 [88765]
  366 [78366, 12066]
  367 
  368 
  369 
  370 
  371 
  372 [28972]
  373 
  374 
  375 [19875, 18575]
  376 
  377 [34177, 58877]
  378 [38078]
  379 
  380 
  381 
  382 [32882]
  383 
  384 
  385 
  386 
  387 
  388 [61488]
  389 [22489]
  390 [27690]
  391 
  392 
  393 [92693]
  394 [62794]
  395 [30295]
  396 [32896]
  397 [35497]
  398 
  399 [92699, 61499]
  400 
  401 [43301, 25101]
  402 
  403 
  404 
  405 [81005]
  406 
  407 [88807]
  408 [48508]
  409 
  410 [88810]
  411 [57611, 25111]
  412 [13412]
  413 
  414 [82314]
  415 [87515]
  416 
  417 [69317]
  418 
  419 [49819]
  420 [81020]
  421 
  422 [35522, 71922]
  423 
  424 [55024]
  425 [75825]
  426 [99226, 65426]
  427 
  428 [55028]
  429 [12129, 79729]
  430 
  431 [95331, 45931]
  432 [97932]
  433 
  434 [96634, 14734]
  435 
  436 
  437 [79737, 12137]
  438 
  439 [45939]
  440 
  441 
  442 
  443 
  444 
  445 
  446 [92746]
  447 [36847, 58947]
  448 
  449 [68049]
  450 [13450]
  451 
  452 [47252]
  453 [39453]
  454 [78454]
  455 
  456 
  457 [27757, 14757, 88857]
  458 
  459 [99259]
  460 [60260, 78460]
  461 [51161]
  462 [32962, 44662]
  463 [55063]
  464 
  465 [36865]
  466 [71966, 39466]
  467 
  468 
  469 [83669, 38169, 14769]
  470 
  471 
  472 [64172]
  473 
  474 [69374]
  475 
  476 
  477 
  478 
  479 [78479]
  480 [88880]
  481 
  482 
  483 [92783, 95383]
  484 
  485 [13485]
  486 [27786]
  487 
  488 [56388]
  489 
  490 [49890]
  491 [47291]
  492 [17392, 35592]
  493 
  494 
  495 [60295]
  496 [23896, 69396]
  497 [19997, 25197]
  498 [62898]
  499 
  500 
  501 
  502 [48602, 36902]
  503 [62903]
  504 [56404]
  505 [75905]
  506 
  507 [66807]
  508 [86308, 95408]
  509 
  510 [36910]
  511 
  512 [18712]
  513 
  514 
  515 [34315]
  516 
  517 
  518 [39518]
  519 [55119]
  520 
  521 [34321]
  522 [10922]
  523 [55123]
  524 
  525 [88925]
  526 [26526, 46026]
  527 [42127]
  528 [98028]
  529 [59029]
  530 
  531 
  532 
  533 [96733]
  534 [18734, 31734]
  535 [40835]
  536 
  537 
  538 
  539 
  540 [85040]
  541 [21341]
  542 
  543 
  544 [12244, 33044]
  545 [88945]
  546 [95446, 75946]
  547 [31747, 73347, 13547]
  548 [21348]
  549 [25249, 61649]
  550 
  551 
  552 
  553 [17453]
  554 
  555 
  556 [83756]
  557 [83757, 57757]
  558 [51258]
  559 [65559, 95459]
  560 [85060, 26560, 47360]
  561 [96761]
  562 
  563 [77263, 52563, 61663, 42163, 78563]
  564 [64264, 94164]
  565 [87665]
  566 [21366]
  567 [25267]
  568 [99368, 14868]
  569 
  570 [16170]
  571 
  572 [57772, 75972, 78572]
  573 
  574 
  575 [75975]
  576 
  577 
  578 [31778]
  579 [14879]
  580 
  581 
  582 
  583 
  584 
  585 [23985]
  586 [35686]
  587 
  588 [99388]
  589 [36989, 65589]
  590 [83790, 81190]
  591 
  592 [73392]
  593 
  594 
  595 
  596 
  597 [56497]
  598 
  599 [81199, 14899]
  600 [76000]
  601 [72101, 66901]
  602 
  603 [34403]
  604 [56504, 35704, 29204]
  605 [64305, 70805]
  606 [51306, 33106]
  607 
  608 
  609 
  610 [70810, 31810]
  611 [21411, 61711]
  612 [44812]
  613 
  614 [48714, 79914, 43514]
  615 [40915, 63015]
  616 
  617 
  618 [74718]
  619 
  620 
  621 
  622 
  623 
  624 [13624]
  625 
  626 
  627 [68227, 51327, 73427, 38327, 90327]
  628 
  629 
  630 [94230]
  631 [82531, 18831]
  632 [95532]
  633 [53933]
  634 
  635 
  636 [74736]
  637 [60437, 30537]
  638 [24038]
  639 
  640 
  641 
  642 [78642]
  643 
  644 
  645 
  646 [21446, 98146, 34446]
  647 
  648 
  649 
  650 
  651 [46151]
  652 [31852, 52652]
  653 
  654 
  655 [24055]
  656 [17556]
  657 
  658 [52658]
  659 [81259]
  660 [46160]
  661 
  662 
  663 
  664 [92964]
  665 [81265]
  666 [50066]
  667 
  668 
  669 [95569]
  670 
  671 [65671, 18871]
  672 
  673 [44873]
  674 [17574, 27974]
  675 
  676 [42276, 82576]
  677 [76077]
  678 
  679 
  680 
  681 
  682 
  683 
  684 [78684]
  685 [78685]
  686 [48786]
  687 [74787]
  688 [98188]
  689 
  690 [70890]
  691 [40991]
  692 [57892, 82592]
  693 
  694 [57894, 25394]
  695 [86495, 12395, 59195]
  696 [77396]
  697 [16297, 17597]
  698 [52698]
  699 
  700 
  701 [80001]
  702 
  703 [90403]
  704 
  705 [96905, 90405]
  706 [28006]
  707 
  708 
  709 
  710 [89110]
  711 
  712 [52712]
  713 [91713]
  714 
  715 
  716 
  717 
  718 [47518, 95618]
  719 
  720 [96920]
  721 
  722 [96922]
  723 
  724 [82624]
  725 [13725, 64425]
  726 [20226]
  727 
  728 
  729 
  730 
  731 [65731]
  732 [90432, 55332]
  733 [44933]
  734 
  735 
  736 
  737 
  738 [83938, 47538]
  739 
  740 
  741 [73541]
  742 [67042]
  743 [91743]
  744 
  745 
  746 [86546, 59246, 57946]
  747 [37147, 70947]
  748 
  749 [44949]
  750 [26750]
  751 [91751]
  752 [41052]
  753 [85253]
  754 [99554]
  755 [89155, 83955]
  756 [80056, 12456]
  757 [67057, 86557]
  758 [48858]
  759 [96959, 11159]
  760 
  761 [87861]
  762 [38462]
  763 
  764 [28064]
  765 
  766 [63166]
  767 
  768 
  769 
  770 
  771 [39771]
  772 
  773 
  774 [56674, 59274, 20274]
  775 
  776 [73576, 35876]
  777 
  778 
  779 [95679, 86579]
  780 
  781 [54081]
  782 [65782]
  783 [42383, 44983]
  784 
  785 
  786 [86586]
  787 
  788 [48888]
  789 
  790 
  791 [25491]
  792 [18992, 96992]
  793 
  794 [64494]
  795 [44995]
  796 
  797 [25497]
  798 [80098]
  799 
  800 
  801 
  802 
  803 [26803]
  804 [34604, 11204]
  805 [24205]
  806 
  807 [30707, 56707]
  808 [33308, 48908]
  809 [51509]
  810 
  811 
  812 [80112, 12512]
  813 [51513]
  814 [51514, 15114, 94414]
  815 
  816 
  817 [91817]
  818 [29418]
  819 [15119, 98319]
  820 [97020, 42420]
  821 
  822 [95722]
  823 
  824 [69724, 82724]
  825 [22925]
  826 [76226]
  827 [19027]
  828 
  829 [61929]
  830 
  831 
  832 [65832]
  833 [39833]
  834 [59334]
  835 
  836 
  837 
  838 
  839 
  840 [47640, 93140, 58040]
  841 
  842 [71042]
  843 [93143]
  844 [86644]
  845 [84045]
  846 
  847 [35947]
  848 
  849 [90549]
  850 [69750, 93150, 41150]
  851 [89251]
  852 [89252, 13852]
  853 
  854 [95754, 55454]
  855 [17755]
  856 
  857 [65857, 35957]
  858 [99658]
  859 [84059]
  860 
  861 [12561]
  862 [97062, 95762]
  863 
  864 
  865 
  866 [43766, 52866, 82766]
  867 
  868 
  869 
  870 [99670, 87970]
  871 
  872 [28172]
  873 
  874 [63274]
  875 [11275]
  876 [54176]
  877 [20377]
  878 
  879 
  880 
  881 [51581]
  882 [56782]
  883 [42483, 26883]
  884 [42484, 37284]
  885 
  886 
  887 [32087]
  888 [51588, 68488, 87988]
  889 
  890 [69790]
  891 
  892 
  893 
  894 
  895 [78895]
  896 [51596, 11296, 71096]
  897 [94497, 33397, 54197, 59397, 32097]
  898 [46398, 25598, 50298, 39898]
  899 [33399, 22999]
  900 [42500, 34700]
  901 [95801, 45101]
  902 
  903 [73703, 77603]
  904 [78904, 47704]
  905 
  906 
  907 
  908 
  909 [12609]
  910 [37310, 16510, 99710]
  911 [78911]
  912 [41212]
  913 [68513]
  914 
  915 
  916 
  917 [63317]
  918 
  919 [75019]
  920 [12620]
  921 
  922 
  923 [90623]
  924 [84124]
  925 
  926 
  927 [93227]
  928 [91928]
  929 [51629]
  930 
  931 [43831, 89331, 93231, 64631]
  932 
  933 
  934 [38634]
  935 
  936 [51636]
  937 
  938 [88038, 86738]
  939 
  940 
  941 
  942 
  943 
  944 
  945 [91945]
  946 [38646, 67246, 90646]
  947 
  948 [91948]
  949 [16549, 33449]
  950 
  951 
  952 [15252]
  953 [93253]
  954 
  955 
  956 
  957 [11357]
  958 
  959 [39959]
  960 
  961 
  962 [47762]
  963 
  964 [97164]
  965 [72465]
  966 [30866, 97166]
  967 
  968 
  969 [65969, 42569]
  970 [10070, 17870]
  971 
  972 
  973 [59473]
  974 [47774]
  975 [17875]
  976 [67276]
  977 [37377, 10077]
  978 [49078, 42578, 62078, 13978]
  979 
  980 [21780]
  981 
  982 
  983 
  984 [32184]
  985 
  986 [64686]
  987 
  988 [80288]
  989 
  990 [72490]
  991 
  992 [54292]
  993 [45193, 88093]
  994 
  995 
  996 [46496]
  997 
  998 [84198]
  999 [72499, 91999]
 1000 [37400, 80300]
 1001 
 1002 
 1003 
 1004 
 1005 [36105]
 1006 [56906]
 1007 [45207]
 1008 [16608]
 1009 [42609]
 1010 
 1011 
 1012 [45212, 53012, 40012]
 1013 [38713]
 1014 
 1015 [55615]
 1016 
 1017 
 1018 [42618]
 1019 [77719]
 1020 [59520]
 1021 [79021]
 1022 
 1023 
 1024 [30924, 54324]
 1025 [72525]
 1026 [69926, 75126]
 1027 [62127, 81627, 14027, 15327]
 1028 [42628, 93328]
 1029 [90729]
 1030 [42630]
 1031 
 1032 
 1033 [14033]
 1034 [89434]
 1035 
 1036 
 1037 [30937]
 1038 [85538]
 1039 [84239]
 1040 
 1041 [50441]
 1042 
 1043 [24443, 25743]
 1044 [99844]
 1045 
 1046 [21846, 24446]
 1047 [71247]
 1048 [67348]
 1049 [34849]
 1050 [17950]
 1051 
 1052 [11452]
 1053 
 1054 
 1055 [80355, 69955]
 1056 [67356, 14056]
 1057 
 1058 
 1059 
 1060 [14060, 47860]
 1061 [89461]
 1062 
 1063 
 1064 
 1065 
 1066 
 1067 
 1068 [10168]
 1069 [63469]
 1070 
 1071 [47871, 88171]
 1072 [66072]
 1073 
 1074 [94674]
 1075 
 1076 [55676]
 1077 [53077]
 1078 
 1079 
 1080 
 1081 [14081]
 1082 [88182]
 1083 [82983]
 1084 
 1085 [73885]
 1086 [63486]
 1087 [45287]
 1088 [24488]
 1089 
 1090 
 1091 
 1092 
 1093 
 1094 
 1095 [85595, 16695, 27095]
 1096 [64796]
 1097 [37497, 95997]
 1098 
 1099 
 1100 [29700]
 1101 
 1102 
 1103 
 1104 [44004]
 1105 [18005]
 1106 
 1107 
 1108 
 1109 
 1110 [89510, 67410]
 1111 
 1112 
 1113 [23213]
 1114 [63514, 32314]
 1115 
 1116 
 1117 
 1118 
 1119 [84319]
 1120 
 1121 
 1122 
 1123 
 1124 
 1125 [58325]
 1126 
 1127 
 1128 [34928]
 1129 [85629, 83029]
 1130 
 1131 [83031]
 1132 [47932]
 1133 [93433]
 1134 
 1135 [99935, 50535, 19335]
 1136 [99936]
 1137 [89537]
 1138 [16738]
 1139 [46639]
 1140 [53140]
 1141 [37541]
 1142 
 1143 
 1144 [10244]
 1145 [14145]
 1146 
 1147 [84347]
 1148 [34948]
 1149 [77849, 96049]
 1150 
 1151 [81751]
 1152 
 1153 
 1154 
 1155 [21955]
 1156 [63556]
 1157 
 1158 [59658]
 1159 
 1160 [67460]
 1161 [80461, 14161]
 1162 [60962]
 1163 
 1164 
 1165 
 1166 
 1167 [46667]
 1168 [28468]
 1169 [31069]
 1170 [53170]
 1171 [54471]
 1172 [88272]
 1173 
 1174 [41474]
 1175 [37575]
 1176 [60976]
 1177 [46677, 12877]
 1178 [84378]
 1179 [99979, 58379, 68779]
 1180 [77880]
 1181 
 1182 [60982, 20682, 96082, 64882]
 1183 [86983]
 1184 
 1185 [36285, 90885]
 1186 [97386]
 1187 
 1188 [15488, 64888]
 1189 [59689]
 1190 
 1191 [62291, 89591]
 1192 [55792, 90892]
 1193 [98693, 54493]
 1194 
 1195 
 1196 
 1197 [16797]
 1198 [79198]
 1199 
 1200 [87000, 84400]
 1201 
 1202 
 1203 
 1204 
 1205 [41505, 92205]
 1206 
 1207 [40207]
 1208 
 1209 [62309, 44109]
 1210 
 1211 
 1212 [66212]
 1213 
 1214 [44114, 48014]
 1215 
 1216 
 1217 [68817, 19417, 51917]
 1218 
 1219 [96119]
 1220 [53220]
 1221 [72721, 24621]
 1222 [68822]
 1223 [11623, 77923]
 1224 
 1225 [16825, 62325]
 1226 [24626, 59726]
 1227 
 1228 [53228]
 1229 [97429, 63629]
 1230 [33730, 25930]
 1231 [29831, 70131]
 1232 
 1233 [77933]
 1234 
 1235 
 1236 
 1237 
 1238 
 1239 [32439]
 1240 
 1241 
 1242 [37642]
 1243 [85743]
 1244 
 1245 [27245, 35045]
 1246 [25946, 42846]
 1247 [74047]
 1248 [27248]
 1249 
 1250 [61050]
 1251 
 1252 
 1253 [96153, 48053, 25953]
 1254 [71454]
 1255 [31155]
 1256 [62356]
 1257 [22057, 81857, 49357, 71457]
 1258 
 1259 [89659]
 1260 
 1261 [53261]
 1262 
 1263 
 1264 
 1265 
 1266 
 1267 [48067]
 1268 
 1269 [63669, 57169, 48069]
 1270 [63670, 32470]
 1271 
 1272 [20772, 29872]
 1273 [84473]
 1274 
 1275 
 1276 [45476]
 1277 
 1278 
 1279 [71479]
 1280 [25980]
 1281 
 1282 
 1283 
 1284 [75384]
 1285 
 1286 
 1287 [57187, 54587]
 1288 [40288]
 1289 
 1290 [33790]
 1291 [92291, 81891]
 1292 [41592, 16892]
 1293 [15593]
 1294 
 1295 [18195, 66295]
 1296 
 1297 [79297, 15597]
 1298 [71498, 90998]
 1299 [58499]
