    0 93150
    1 91999
    2 22999
    3 57503
    4 28754
    5 75905
    6 98906
    7 83955
    8 
    9 65559
   10 95459
   11 48311
   12 60962
   13 
   14 
   15 72465
   16 
   17 
   18 37968
   19 31069
   20 42569
   21 
   22 
   23 44873
   24 63274
   25 64425
   26 60976
   27 62127
   28 58678
   29 42578
   30 46026
   31 54081
   32 60982
   33 39132
   34 96634
   35 98935
   36 35686
   37 74787
   38 56388
   39 37989
   40 72490
   41 65589
   42 40288
   43 29942
   44 37994
   45 90885
   46 75946
   47 33397
   48 29948
   49 72499
   50 36847
   51 33399
   52 13852
   53 90892
   54 35704
   55 24205
   56 69056
   57 88607
   58 86308
   59 42609
   60 40310
   61 67911
   62 88612
   63 56404
   64 
   65 36865
   66 43766
   67 63317
   68 42618
   69 28815
   70 16170
   71 
   72 19622
   73 20772
   74 41474
   75 72525
   76 26526
   77 93227
   78 42628
   79 89779
   80 42630
   81 93231
   82 29976
   83 95532
   84 97834
   85 88631
   86 39186
   87 75972
   88 75975
   89 44933
   90 27690
   91 
   92 78292
   93 
   94 64494
   95 84045
   96 67944
   97 25394
   98 69095
   99 44949
  100 61050
  101 81751
  102 47252
  103 73703
  104 34604
  105 21955
  106 78305
  107 66807
  108 41505
  109 93253
  110 26560
  111 57611
  112 39212
  113 53012
  114 32314
  115 36902
  116 36910
  117 87515
  118 20818
  119 95569
  120 84059
  121 65671
  122 94414
  123 11623
  124 39224
  125 80615
  126 54176
  127 49577
  128 38078
  129 70279
  130 33449
  131 43831
  132 55332
  133 44983
  134 96733
  135 50732
  136 76000
  137 31155
  138 
  139 59939
  140 
  141 47291
  142 17392
  143 
  144 
  145 44995
  146 
  147 56497
  148 54197
  149 90998
  150 91000
  151 46151
  152 
  153 85253
  154 56504
  155 71454
  156 
  157 27757
  158 71457
  159 
  160 46160
  161 96761
  162 49611
  163 
  164 15114
  165 
  166 78366
  167 51917
  168 95618
  169 15119
  170 80670
  171 19720
  172 
  173 
  174 84124
  175 18575
  176 39274
  177 76077
  178 93328
  179 71479
  180 53077
  181 65731
  182 13978
  183 82983
  184 97932
  185 
  186 27786
  187 
  188 
  189 36989
  190 
  191 25491
  192 62291
  193 41592
  194 
  195 99095
  196 
  197 94497
  198 61148
  199 25497
  200 68049
  201 16297
  202 71498
  203 50803
  204 39297
  205 30103
  206 92205
  207 22057
  208 39308
  209 81857
  210 62309
  211 34700
  212 17453
  213 77263
  214 23213
  215 88765
  216 39316
  217 70367
  218 48508
  219 38169
  220 66901
  221 47360
  222 28972
  223 63469
  224 
  225 62325
  226 35876
  227 12877
  228 70378
  229 95679
  230 19778
  231 83031
  232 58877
  233 14033
  234 64631
  235 14027
  236 83029
  237 65782
  238 63486
  239 32439
  240 53140
  241 81891
  242 54292
  243 39341
  244 
  245 86495
  246 
  247 
  248 84198
  249 
  250 
  251 45101
  252 
  253 
  254 80754
  255 55454
  256 62356
  257 57757
  258 88807
  259 50857
  260 88810
  261 41661
  262 14056
  263 89963
  264 63514
  265 87665
  266 78454
  267 14060
  268 78460
  269 75019
  270 53170
  271 72721
  272 57772
  273 95722
  274 89974
  275 54324
  276 32470
  277 52026
  278 98028
  279 78479
  280 60067
  281 14081
  282 31332
  283 93433
  284 65832
  285 73885
  286 64686
  287 91137
  288 
  289 84239
  290 
  291 92291
  292 
  293 24443
  294 
  295 
  296 86546
  297 42846
  298 25598
  299 24446
  300 35947
  301 58947
  302 48602
  303 15252
  304 95754
  305 44004
  306 96905
  307 65857
  308 35957
  309 86557
  310 17556
  311 88857
  312 70462
  313 18712
  314 10662
  315 92306
  316 95762
  317 69317
  318 79659
  319 63556
  320 96920
  321 53220
  322 96922
  323 61273
  324 56674
  325 19875
  326 99226
  327 76226
  328 53228
  329 86579
  330 88880
  331 17574
  332 52068
  333 26750
  334 80834
  335 18734
  336 86586
  337 
  338 24488
  339 
  340 
  341 
  342 67042
  343 45193
  344 52092
  345 14145
  346 77396
  347 37147
  348 32546
  349 34849
  350 17597
  351 95801
  352 
  353 26803
  354 39453
  355 
  356 82006
  357 67057
  358 45207
  359 96959
  360 99259
  361 53261
  362 72811
  363 45212
  364 21062
  365 21065
  366 14161
  367 13016
  368 47518
  369 84319
  370 11869
  371 49819
  372 22215
  373 78572
  374 94674
  375 88925
  376 75126
  377 68227
  378 38327
  379 40629
  380 59029
  381 31427
  382 52132
  383 92381
  384 79729
  385 63629
  386 33730
  387 79737
  388 15327
  389 71689
  390 62490
  391 92391
  392 57892
  393 22241
  394 86644
  395 30295
  396 98146
  397 64796
  398 46398
  399 72844
  400 84347
  401 57894
  402 88945
  403 69396
  404 96992
  405 41805
  406 47538
  407 27974
  408 40643
  409 44109
  410 16510
  411 72861
  412 83209
  413 28006
  414 22264
  415 48714
  416 44114
  417 55615
  418 71718
  419 63669
  420 63670
  421 53321
  422 97020
  423 71722
  424 54471
  425 65969
  426 51024
  427 13071
  428 34928
  429 84378
  430 82080
  431 18831
  432 56782
  433 82083
  434 26883
  435 69374
  436 39466
  437 45287
  438 98188
  439 85538
  440 49890
  441 33790
  442 78642
  443 25743
  444 23442
  445 54493
  446 57946
  447 19997
  448 74047
  449 16549
  450 71750
  451 72900
  452 82102
  453 80951
  454 29204
  455 36105
  456 34948
  457 92417
  458 56707
  459 72843
  460 60260
  461 11961
  462 33812
  463 97062
  464 87861
  465 61410
  466 28064
  467 43016
  468 99368
  469 39518
  470 84400
  471 63721
  472 24621
  473 18871
  474 82038
  475 78563
  476 24626
  477 55676
  478 
  479 
  480 
  481 
  482 64882
  483 71783
  484 78684
  485 78685
  486 48786
  487 37284
  488 99388
  489 63739
  490 47640
  491 86738
  492 64888
  493 82142
  494 
  495 85595
  496 33845
  497 72946
  498 60295
  499 46496
  500 
  501 
  502 
  503 
  504 
  505 81005
  506 74105
  507 17755
  508 16608
  509 93659
  510 37310
  511 22361
  512 38462
  513 72963
  514 14314
  515 
  516 
  517 
  518 
  519 
  520 81020
  521 
  522 66072
  523 84473
  524 
  525 
  526 
  527 
  528 
  529 85629
  530 
  531 
  532 
  533 
  534 
  535 
  536 
  537 54587
  538 61488
  539 14339
  540 32738
  541 15488
  542 41942
  543 71843
  544 92544
  545 35045
  546 67246
  547 95997
  548 58040
  549 61499
  550 59195
  551 
  552 
  553 77603
  554 47704
  555 
  556 56906
  557 93706
  558 48858
  559 
  560 53460
  561 51161
  562 89110
  563 62663
  564 79914
  565 73013
  566 97164
  567 22416
  568 84512
  569 98319
  570 12066
  571 63819
  572 82222
  573 28172
  574 44274
  575 10922
  576 67276
  577 37377
  578 87970
  579 97166
  580 54619
  581 
  582 82232
  583 
  584 
  585 40835
  586 
  587 
  588 73038
  589 53489
  590 48888
  591 22441
  592 55792
  593 93743
  594 18992
  595 16695
  596 59246
  597 33947
  598 87988
  599 96049
  600 37400
  601 
  602 
  603 
  604 
  605 89155
  606 
  607 
  608 48908
  609 
  610 
  611 
  612 47762
  613 
  614 84564
  615 
  616 50066
  617 
  618 
  619 
  620 17870
  621 
  622 71922
  623 
  624 47774
  625 17875
  626 59274
  627 19027
  628 45476
  629 12129
  630 83424
  631 90327
  632 96082
  633 25930
  634 83434
  635 36285
  636 75384
  637 60437
  638 88038
  639 30537
  640 22489
  641 16738
  642 46639
  643 85743
  644 15593
  645 27095
  646 25946
  647 15597
  648 63895
  649 65049
  650 67348
  651 80001
  652 62745
  653 25953
  654 12137
  655 70805
  656 74256
  657 67356
  658 35138
  659 21341
  660 70810
  661 51258
  662 66212
  663 68513
  664 84613
  665 40915
  666 71966
  667 46667
  668 13313
  669 45519
  670 82314
  671 39771
  672 24821
  673 77719
  674 21366
  675 21348
  676 20226
  677 46677
  678 74277
  679 35179
  680 25980
  681 35181
  682 74282
  683 74283
  684 59334
  685 38634
  686 31734
  687 68488
  688 96119
  689 32882
  690 53590
  691 81190
  692 99554
  693 92693
  694 88093
  695 62794
  696 38646
  697 37497
  698 54747
  699 81199
  700 17950
  701 89251
  702 89252
  703 96153
  704 78904
  705 90403
  706 51306
  707 80056
  708 31747
  709 61649
  710 67410
  711 21411
  712 78911
  713 61663
  714 43261
  715 54755
  716 92699
  717 35217
  718 90405
  719 78895
  720 26015
  721 47871
  722 16797
  723 32896
  724 69724
  725 24875
  726 55926
  727 16825
  728 95028
  729 31778
  730 26030
  731 65131
  732 53632
  733 51327
  734 86983
  735 90432
  736 65136
  737 42127
  738 85838
  739 20274
  740 70890
  741 40991
  742 37541
  743 39833
  744 12244
  745 66295
  746 21446
  747 59397
  748 35248
  749 63999
  750 69750
  751 43301
  752 87000
  753 80098
  754 24902
  755 15705
  756 14556
  757 18005
  758 99658
  759 81259
  760 67460
  761 65161
  762 61711
  763 32962
  764 13412
  765 81265
  766 80112
  767 23761
  768 38713
  769 75519
  770 99670
  771 88171
  772 92746
  773 42163
  774 24807
  775 37575
  776 26075
  777 93927
  778 49078
  779 44477
  780 47860
  781 89331
  782 47932
  783 54831
  784 92783
  785 88182
  786 97386
  787 65187
  788 65188
  789 45633
  790 69790
  791 85884
  792 64042
  793 16892
  794 29418
  795 27245
  796 44495
  797 45646
  798 27248
  799 45649
  800 62898
  801 72101
  802 31852
  803 41052
  804 70947
  805 85905
  806 14596
  807 30707
  808 14608
  809 11159
  810 14610
  811 13450
  812 99710
  813 52563
  814 77849
  815 16915
  816 62903
  817 39898
  818 95113
  819 57169
  820 46820
  821 79021
  822 76721
  823 59473
  824 26122
  825 26124
  826 58325
  827 20377
  828 34177
  829 97429
  830 77880
  831 31810
  832 54685
  833 
  834 
  835 13485
  836 
  837 57187
  838 96288
  839 85939
  840 75590
  841 
  842 74442
  843 37642
  844 33044
  845 66395
  846 36496
  847 
  848 50298
  849 90549
  850 84800
  851 
  852 84802
  853 46852
  854 15804
  855 11204
  856 
  857 84807
  858 
  859 39959
  860 26160
  861 
  862 
  863 91713
  864 48014
  865 
  866 
  867 
  868 28468
  869 83669
  870 10070
  871 59520
  872 88272
  873 25023
  874 77923
  875 
  876 42276
  877 87127
  878 10077
  879 58379
  880 
  881 82531
  882 54932
  883 77933
  884 89434
  885 
  886 
  887 
  888 15838
  889 65288
  890 
  891 
  892 71042
  893 91743
  894 
  895 12395
  896 23896
  897 57247
  898 73347
  899 13547
  900 41150
  901 91751
  902 52652
  903 48053
  904 
  905 25055
  906 33106
  907 
  908 52658
  909 51509
  910 54960
  911 89461
  912 46912
  913 96363
  914 51514
  915 51513
  916 63015
  917 48067
  918 56118
  919 95219
  920 48069
  921 66471
  922 64172
  923 90623
  924 40012
  925 86025
  926 69926
  927 82576
  928 11275
  929 68779
  930 
  931 
  932 
  933 
  934 14734
  935 19335
  936 
  937 56137
  938 56138
  939 80288
  940 
  941 
  942 73392
  943 82592
  944 99844
  945 18195
  946 11296
  947 71096
  948 90646
  949 98693
  950 80300
  951 57301
  952 29700
  953 25101
  954 52698
  955 37745
  956 12456
  957 83757
  958 37758
  959 14757
  960 89510
  961 56159
  962 41212
  963 52712
  964 66509
  965 34315
  966 30866
  967 91817
  968 10168
  969 68817
  970 44662
  971 46971
  972 68822
  973 34321
  974 13624
  975 82624
  976 55024
  977 73427
  978 55028
  979 61929
  980 27408
  981 43514
  982 14769
  983 42383
  984 83756
  985 23985
  986 51581
  987 92964
  988 51588
  989 89537
  990 83790
  991 50441
  992 25111
  993 69955
  994 
  995 
  996 51596
  997 35497
  998 79198
  999 58499
 1000 88400
 1001 
 1002 88402
 1003 45852
 1004 
 1005 80355
 1006 
 1007 11357
 1008 59658
 1009 76909
 1010 66559
 1011 
 1012 12512
 1013 55063
 1014 64264
 1015 94164
 1016 67716
 1017 58514
 1018 19417
 1019 
 1020 42420
 1021 
 1022 35522
 1023 
 1024 30924
 1025 
 1026 65426
 1027 28627
 1028 
 1029 90729
 1030 51629
 1031 95331
 1032 
 1033 53933
 1034 
 1035 99935
 1036 99936
 1037 32087
 1038 30937
 1039 51636
 1040 28640
 1041 89591
 1042 97642
 1043 47036
 1044 10244
 1045 67744
 1046 97640
 1047 32097
 1048 59689
 1049 26349
 1050 36700
 1051 24038
 1052 25197
 1053 34403
 1054 56254
 1055 86155
 1056 24055
 1057 64305
 1058 49357
 1059 
 1060 
 1061 12561
 1062 
 1063 
 1064 
 1065 
 1066 63166
 1067 
 1068 14868
 1069 55119
 1070 
 1071 48221
 1072 88472
 1073 55123
 1074 82724
 1075 13725
 1076 75825
 1077 18326
 1078 59726
 1079 99979
 1080 14879
 1081 91928
 1082 29831
 1083 95383
 1084 94230
 1085 50535
 1086 42484
 1087 39035
 1088 58583
 1089 45931
 1090 21780
 1091 73541
 1092 35592
 1093 36743
 1094 42483
 1095 91945
 1096 34446
 1097 71247
 1098 79297
 1099 25249
 1100 42500
 1101 28697
 1102 11452
 1103 68950
 1104 14899
 1105 76997
 1106 45939
 1107 40207
 1108 33308
 1109 12609
 1110 85060
 1111 80461
 1112 89659
 1113 95408
 1114 85040
 1115 78165
 1116 52866
 1117 25267
 1118 74718
 1119 82766
 1120 12620
 1121 91948
 1122 29872
 1123 28723
 1124 44812
 1125 17192
 1126 73576
 1127 81627
 1128 88526
 1129 62078
 1130 18380
 1131 22925
 1132 20682
 1133 27554
 1134 32184
 1135 70131
 1136 74736
 1137 27586
 1138 83938
 1139 47139
 1140 68990
 1141 93140
 1142 66662
 1143 93143
 1144 
 1145 77045
 1146 95446
 1147 21846
 1148 
 1149 28749
