    0 47360
    1 32097
    2 91948
    3 39898
    4 80754
    5 96905
    6 41805
    7 51306
    8 99554
    9 65559
   10 67460
   11 23761
   12 44662
   13 13313
   14 84564
   15 32314
   16 90892
   17 32882
   18 47518
   19 55119
   20 63670
   21 96920
   22 96922
   23 66509
   24 63669
   25 53220
   26 54176
   27 19027
   28 95028
   29 53228
   30 35179
   31 89331
   32 51327
   33 77933
   34 16170
   35 36105
   36 27586
   37 17192
   38 45633
   39 65589
   40 93140
   41 92306
   42 58947
   43 85538
   44 27974
   45 86495
   46 12395
   47 19997
   48 95997
   49 45649
   50 93150
   51 45646
   52 88402
   53 11452
   54 78904
   55 92205
   56 81751
   57 15252
   58 33308
   59 96959
   60 74105
   61 53261
   62 78911
   63 84613
   64 14314
   65 40915
   66 43766
   67 70367
   68 56118
   69 83669
   70 21780
   71 63721
   72 35217
   73 66559
   74 82724
   75 62745
   76 75126
   77 76077
   78 70378
   79 83029
   80 88400
   81 69317
   82 31427
   83 68488
   84 80834
   85 39035
   86 64686
   87 56137
   88 56138
   89 63739
   90 14339
   91 50441
   92 96992
   93 25743
   94 99844
   95 85595
   96 77045
   97 86546
   98 37147
   99 35248
  100 96049
  101 42846
  102 54197
  103 59939
  104 98028
  105 21955
  106 98906
  107 90327
  108 86557
  109 51024
  110 56159
  111 12456
  112 13412
  113 68513
  114 94164
  115 34315
  116 82766
  117 46667
  118 84378
  119 79914
  120 97020
  121 53321
  122 88472
  123 28754
  124 62794
  125 22925
  126 65671
  127 93227
  128 46677
  129 85629
  130 59029
  131 43831
  132 28627
  133 96082
  134 89434
  135 98935
  136 93231
  137 30537
  138 76997
  139 32439
  140 47640
  141 40991
  142 54292
  143 41942
  144 46639
  145 18195
  146 23896
  147 16297
  148 33397
  149 48508
  150 13450
  151 24821
  152 48602
  153 90403
  154 28640
  155 92291
  156 74256
  157 83757
  158 81857
  159 86579
  160 90405
  161 89461
  162 70462
  163 21062
  164 69374
  165 21065
  166 86586
  167 12512
  168 95113
  169 57169
  170 38169
  171 79021
  172 26122
  173 51917
  174 54324
  175 24875
  176 97062
  177 49577
  178 74277
  179 61929
  180 94230
  181 60976
  182 60982
  183 74282
  184 74283
  185 99935
  186 50535
  187 39132
  188 57187
  189 77880
  190 83790
  191 99936
  192 81891
  193 59658
  194 86644
  195 65731
  196 64796
  197 28697
  198 62898
  199 13485
  200 32470
  201 80001
  202 41052
  203 96153
  204 26803
  205 47704
  206 80951
  207 22057
  208 27757
  209 51509
  210 89510
  211 73347
  212 90432
  213 51513
  214 51514
  215 36285
  216 12561
  217 34403
  218 71454
  219 95219
  220 33399
  221 71457
  222 97932
  223 11623
  224 28723
  225 
  226 76226
  227 60962
  228 93328
  229 99979
  230 71479
  231 92381
  232 55332
  233 62903
  234 37284
  235 64631
  236 39186
  237 27786
  238 44812
  239 92417
  240 33790
  241 92391
  242 73392
  243 85743
  244 93253
  245 63895
  246 32546
  247 57247
  248 71498
  249 28749
  250 61050
  251 29700
  252 84802
  253 45852
  254 78895
  255 81005
  256 80056
  257 88607
  258 84807
  259 12609
  260 53460
  261 37310
  262 47762
  263 88612
  264 48714
  265 72465
  266 67716
  267 39212
  268 78572
  269 97164
  270 46820
  271 81020
  272 13071
  273 24902
  274 47774
  275 39224
  276 18326
  277 20226
  278 73427
  279 78165
  280 25930
  281 88631
  282 65832
  283 26883
  284 12620
  285 56254
  286 57946
  287 38078
  288 15488
  289 53489
  290 72490
  291 89591
  292 17392
  293 86738
  294 67744
  295 99095
  296 98146
  297 51596
  298 80098
  299 44949
  300 72499
  301 25946
  302 57301
  303 46852
  304 44004
  305 24055
  306 14556
  307 66807
  308 30707
  309 63819
  310 21341
  311 82006
  312 65857
  313 77263
  314 52563
  315 28815
  316 35181
  317 80112
  318 64888
  319 87515
  320 87665
  321 54471
  322 97166
  323 25023
  324 13624
  325 72525
  326 23985
  327 38327
  328 37377
  329 51629
  330 25980
  331 18380
  332 95331
  333 82983
  334 93433
  335 19335
  336 51636
  337 40207
  338 85838
  339 56388
  340 45939
  341 48786
  342 74442
  343 83938
  344 54493
  345 63015
  346 14596
  347 39297
  348 61148
  349 63999
  350 37400
  351 59246
  352 98188
  353 17453
  354 55454
  355 25055
  356 14060
  357 42127
  358 39308
  359 89659
  360 14610
  361 16510
  362 41212
  363 46912
  364 94414
  365 22215
  366 39316
  367 77923
  368 96288
  369 20274
  370 58040
  371 47871
  372 35522
  373 90623
  374 69724
  375 59274
  376 37541
  377 62127
  378 13978
  379 68779
  380 26030
  381 83031
  382 29831
  383 95383
  384 82083
  385 82080
  386 34446
  387 13547
  388 14608
  389 40288
  390 53590
  391 73541
  392 64042
  393 15593
  394 92544
  395 26015
  396 36496
  397 78292
  398 15597
  399 16549
  400 69750
  401 25101
  402 82102
  403 33449
  404 34604
  405 78305
  406 85905
  407 65782
  408 52658
  409 44109
  410 40310
  411 31747
  412 15327
  413 23213
  414 22264
  415 88765
  416 10662
  417 68817
  418 96363
  419 44114
  420 49819
  421 46971
  422 68822
  423 29872
  424 65969
  425 13725
  426 73576
  427 99226
  428 31778
  429 58379
  430 26075
  431 19417
  432 47932
  433 53632
  434 59334
  435 59195
  436 83756
  437 54587
  438 32738
  439 85939
  440 69790
  441 20377
  442 35592
  443 25953
  444 71689
  445 84045
  446 77396
  447 37497
  448 79297
  449 81199
  450 65049
  451 95446
  452 94497
  453 50803
  454 56504
  455 24205
  456 39341
  457 88807
  458 48908
  459 99259
  460 88810
  461 67911
  462 38462
  463 52712
  464 84059
  465 60260
  466 30866
  467 63166
  468 71718
  469 11869
  470 98319
  471 78366
  472 71722
  473 61273
  474 26124
  475 60295
  476 42276
  477 10922
  478 52698
  479 90729
  480 89779
  481 46026
  482 22241
  483 75519
  484 75384
  485 33730
  486 97386
  487 47036
  488 16608
  489 95459
  490 49890
  491 87861
  492 29942
  493 48888
  494 67944
  495 27095
  496 21366
  497 17597
  498 29948
  499 48858
  500 71750
  501 80300
  502 31852
  503 39453
  504 57503
  505 15705
  506 70805
  507 14757
  508 50857
  509 81259
  510 70810
  511 85060
  512 21411
  513 91713
  514 48014
  515 81265
  516 55615
  517 42163
  518 24038
  519 14769
  520 85040
  521 72721
  522 82222
  523 64172
  524 84124
  525 37575
  526 18575
  527 12877
  528 28064
  529 30924
  530 88880
  531 65131
  532 82232
  533 86983
  534 97429
  535 45931
  536 35686
  537 30937
  538 56497
  539 86025
  540 75590
  541 62291
  542 67042
  543 91743
  544 92693
  545 16695
  546 21446
  547 17556
  548 45193
  549 25249
  550 65136
  551 43301
  552 46151
  553 73703
  554 35704
  555 80355
  556 91751
  557 67057
  558 45207
  559 62309
  560 46160
  561 65161
  562 45212
  563 33812
  564 58514
  565 26160
  566 11961
  567 48053
  568 25267
  569 95569
  570 10070
  571 22416
  572 48067
  573 59473
  574 63274
  575 88925
  576 69926
  577 55676
  578 10077
  579 44274
  580 78479
  581 29976
  582 99368
  583 48069
  584 42383
  585 41150
  586 50732
  587 60437
  588 99388
  589 65188
  590 70890
  591 68990
  592 65187
  593 71843
  594 47139
  595 33845
  596 88945
  597 54747
  598 88857
  599 68049
  600 36700
  601 92746
  602 16738
  603 84198
  604 15804
  605 87000
  606 62356
  607 93706
  608 51258
  609 78454
  610 54755
  611 57611
  612 72811
  613 66072
  614 64264
  615 82314
  616 52866
  617 63317
  618 74718
  619 95618
  620 59520
  621 22441
  622 19622
  623 28172
  624 56674
  625 41474
  626 54932
  627 34321
  628 49078
  629 14879
  630 62325
  631 91817
  632 35497
  633 92783
  634 38634
  635 84800
  636 74736
  637 45287
  638 15838
  639 88038
  640 22489
  641 68950
  642 23442
  643 93743
  644 72844
  645 27245
  646 38646
  647 70947
  648 27248
  649 34849
  650 93659
  651 43261
  652 21348
  653 84239
  654 30103
  655 86155
  656 64305
  657 69056
  658 77603
  659 14734
  660 17755
  661 80461
  662 72861
  663 89963
  664 31734
  665 61410
  666 50066
  667 32962
  668 10168
  669 31069
  670 87988
  671 13016
  672 95532
  673 36743
  674 89974
  675 16825
  676 18712
  677 87127
  678 17574
  679 95679
  680 12066
  681 54831
  682 88526
  683 42483
  684 18734
  685 41505
  686 90646
  687 74787
  688 61488
  689 65288
  690 90885
  691 66901
  692 55792
  693 24443
  694 88093
  695 25394
  696 69095
  697 33947
  698 42484
  699 83209
  700 42500
  701 72900
  702 47252
  703 85253
  704 29204
  705 59689
  706 37642
  707 28006
  708 37758
  709 11159
  710 24446
  711 39466
  712 16797
  713 61499
  714 96634
  715 94674
  716 71966
  717 66212
  718 44983
  719 84319
  720 22361
  721 76721
  722 95722
  723 26349
  724 58583
  725 81190
  726 35876
  727 71922
  728 58678
  729 12129
  730 40629
  731 52026
  732 20682
  733 56782
  734 14033
  735 73885
  736 45101
  737 32087
  738 24488
  739 78460
  740 62490
  741 47291
  742 71042
  743 97642
  744 10244
  745 91945
  746 72946
  747 84347
  748 90998
  749 33044
  750 91000
  751 67246
  752 36847
  753 58499
  754 95754
  755 11204
  756 78642
  757 57757
  758 91928
  759 66295
  760 89110
  761 14056
  762 53012
  763 72963
  764 43514
  765 16915
  766 36865
  767 12137
  768 38713
  769 42569
  770 17870
  771 88171
  772 57772
  773 40643
  774 83424
  775 75825
  776 17875
  777 68227
  778 19778
  779 42578
  780 64425
  781 14081
  782 88182
  783 34928
  784 78684
  785 78685
  786 18831
  787 59397
  788 53933
  789 83434
  790 67276
  791 25491
  792 52092
  793 95408
  794 51588
  795 44495
  796 71096
  797 25497
  798 46398
  799 91999
  800 43016
  801 95801
  802 36902
  803 34948
  804 75019
  805 89155
  806 33106
  807 44477
  808 86308
  809 42609
  810 54960
  811 51161
  812 48311
  813 73013
  814 63514
  815 36910
  816 96761
  817 95762
  818 42618
  819 96119
  820 80615
  821 39771
  822 20772
  823 71783
  824 77719
  825 41661
  826 65426
  827 93927
  828 42628
  829 79659
  830 42630
  831 55926
  832 52132
  833 41592
  834 92699
  835 18871
  836 82531
  837 35957
  838 73038
  839 32184
  840 45476
  841 53077
  842 55123
  843 98693
  844 12244
  845 30295
  846 14145
  847 11296
  848 67348
  849 64494
  850 17950
  851 72101
  852 62078
  853 14899
  854 61649
  855 87970
  856 56906
  857 67356
  858 99658
  859 35045
  860 19720
  861 14161
  862 35947
  863 61663
  864 15114
  865 69396
  866 37745
  867 14027
  868 20818
  869 45519
  870 99670
  871 80670
  872 24621
  873 84473
  874 15119
  875 19875
  876 26526
  877 24626
  878 55028
  879 79729
  880 97640
  881 54081
  882 81627
  883 63469
  884 14868
  885 34700
  886 88272
  887 79737
  888 91137
  889 36989
  890 53140
  891 44995
  892 57892
  893 82592
  894 57894
  895 80288
  896 46496
  897 74047
  898 25598
  899 50298
  900 77849
  901 89251
  902 89252
  903 82142
  904 55024
  905 18005
  906 82576
  907 11357
  908 49357
  909 76909
  910 67410
  911 61711
  912 84512
  913 62663
  914 55063
  915 26560
  916 11275
  917 59726
  918 28468
  919 37968
  920 53170
  921 66471
  922 75972
  923 96733
  924 99710
  925 82624
  926 75946
  927 34177
  928 58877
  929 70279
  930 63629
  931 40012
  932 31332
  933 28972
  934 97834
  935 40835
  936 16892
  937 13852
  938 35138
  939 37989
  940 56707
  941 51581
  942 18992
  943 47538
  944 37994
  945 58325
  946 21846
  947 71247
  948 27408
  949 90549
