    0 [91000, 87000, 76000]
    1 [80001]
    2 
    3 
    4 [44004]
    5 [81005, 18005]
    6 [82006, 28006]
    7 
    8 
    9 
   10 
   11 
   12 [53012, 40012]
   13 [73013]
   14 [48014]
   15 [63015, 26015]
   16 [13016, 43016]
   17 
   18 
   19 [75019]
   20 [97020, 81020]
   21 [79021]
   22 
   23 [25023]
   24 [51024, 55024]
   25 [86025]
   26 [46026, 52026]
   27 [19027, 14027]
   28 [95028, 55028, 98028]
   29 [59029, 83029]
   30 [26030]
   31 [83031]
   32 
   33 [14033]
   34 
   35 [39035]
   36 [47036]
   37 
   38 [88038, 73038, 24038, 82038]
   39 
   40 [85040, 58040]
   41 
   42 [71042, 64042, 67042]
   43 
   44 [33044]
   45 [77045, 84045, 35045]
   46 
   47 [74047]
   48 
   49 [65049, 68049, 96049]
   50 [61050]
   51 
   52 [41052]
   53 [48053]
   54 
   55 [25055, 24055]
   56 [69056, 80056, 14056]
   57 [22057, 67057]
   58 
   59 [84059]
   60 [85060, 14060]
   61 
   62 [21062, 97062]
   63 [55063]
   64 [28064]
   65 [21065]
   66 [50066, 12066]
   67 [48067, 60067]
   68 [52068]
   69 [31069, 48069]
   70 [10070]
   71 [13071]
   72 [66072]
   73 
   74 
   75 [26075]
   76 
   77 [76077, 10077, 53077]
   78 [49078, 62078, 38078]
   79 
   80 [82080]
   81 [14081, 54081]
   82 [96082]
   83 [82083]
   84 
   85 
   86 
   87 [32087]
   88 
   89 
   90 
   91 
   92 [52092]
   93 [88093]
   94 
   95 [99095, 27095, 69095]
   96 [71096]
   97 [32097]
   98 [80098]
   99 
  100 
  101 [72101, 25101, 45101]
  102 [82102]
  103 [30103]
  104 
  105 [36105, 74105]
  106 [33106]
  107 
  108 
  109 [44109]
  110 [89110]
  111 [25111]
  112 [80112]
  113 [95113]
  114 [44114, 15114]
  115 
  116 
  117 
  118 [56118]
  119 [55119, 15119, 96119]
  120 
  121 
  122 [26122]
  123 [55123]
  124 [84124, 26124]
  125 
  126 [75126]
  127 [62127, 87127, 42127]
  128 
  129 [12129]
  130 
  131 [65131, 70131]
  132 [52132, 39132]
  133 
  134 
  135 
  136 [65136]
  137 [56137, 91137, 12137]
  138 [56138, 35138]
  139 [47139]
  140 [53140, 93140]
  141 
  142 [82142]
  143 [93143]
  144 
  145 [14145]
  146 [98146]
  147 [37147]
  148 [61148]
  149 
  150 [93150, 41150]
  151 [46151]
  152 
  153 [96153]
  154 
  155 [86155, 89155, 31155]
  156 
  157 
  158 
  159 [11159, 56159]
  160 [26160, 46160]
  161 [51161, 65161, 14161]
  162 
  163 [42163]
  164 [94164, 97164]
  165 [78165]
  166 [63166, 97166]
  167 
  168 [10168]
  169 [57169, 38169]
  170 [53170, 16170]
  171 [88171]
  172 [28172, 64172]
  173 
  174 
  175 
  176 [54176]
  177 [34177]
  178 
  179 [35179]
  180 
  181 [35181]
  182 [88182]
  183 
  184 [32184]
  185 
  186 [39186]
  187 [65187, 57187]
  188 [65188, 98188]
  189 
  190 [81190]
  191 
  192 [17192]
  193 [45193]
  194 
  195 [18195, 59195]
  196 
  197 [54197, 25197]
  198 [84198, 79198]
  199 [81199]
  200 
  201 
  202 
  203 
  204 [29204, 11204]
  205 [92205, 24205]
  206 
  207 [45207, 40207]
  208 
  209 [83209]
  210 
  211 
  212 [41212, 45212, 66212, 39212]
  213 [23213]
  214 
  215 [22215]
  216 
  217 [35217]
  218 
  219 [95219]
  220 [53220]
  221 [48221]
  222 [82222]
  223 
  224 [39224]
  225 
  226 [99226, 20226, 76226]
  227 [68227, 93227]
  228 [53228]
  229 
  230 [94230]
  231 [93231]
  232 [82232]
  233 
  234 
  235 
  236 
  237 
  238 
  239 [84239]
  240 
  241 [22241]
  242 
  243 
  244 [10244, 12244]
  245 [27245]
  246 [67246, 59246]
  247 [71247, 57247]
  248 [27248, 35248]
  249 [25249]
  250 
  251 [89251]
  252 [89252, 15252, 47252]
  253 [85253, 93253]
  254 [56254]
  255 
  256 [74256]
  257 
  258 [51258]
  259 [99259, 81259]
  260 [60260]
  261 [53261, 43261]
  262 
  263 [77263]
  264 [64264, 22264]
  265 [81265]
  266 
  267 [25267]
  268 
  269 
  270 
  271 
  272 [88272]
  273 [61273]
  274 [63274, 44274, 59274, 20274, 39274]
  275 [11275]
  276 [42276, 67276]
  277 [74277]
  278 
  279 [70279]
  280 
  281 
  282 [74282]
  283 [74283]
  284 [37284]
  285 [36285]
  286 
  287 [45287]
  288 [65288, 96288, 40288, 80288]
  289 
  290 
  291 [62291, 92291, 47291]
  292 [54292, 78292]
  293 
  294 
  295 [30295, 60295, 66295]
  296 [11296]
  297 [79297, 16297, 39297]
  298 [50298]
  299 
  300 [80300]
  301 [43301, 57301]
  302 
  303 
  304 
  305 [78305, 64305]
  306 [51306, 92306]
  307 
  308 [39308, 86308, 33308]
  309 [62309]
  310 [37310, 40310]
  311 [48311]
  312 
  313 [13313]
  314 [82314, 14314, 32314]
  315 [34315]
  316 [39316]
  317 [63317, 69317]
  318 
  319 [84319, 98319]
  320 
  321 [53321, 34321]
  322 
  323 
  324 [54324]
  325 [62325, 58325]
  326 [18326]
  327 [51327, 38327, 90327, 15327]
  328 [93328]
  329 
  330 
  331 [89331, 95331]
  332 [31332, 55332]
  333 
  334 [59334]
  335 [19335]
  336 
  337 
  338 
  339 [14339]
  340 
  341 [39341, 21341]
  342 
  343 
  344 
  345 
  346 
  347 [84347, 73347]
  348 [67348, 21348]
  349 [26349]
  350 
  351 
  352 
  353 
  354 
  355 [80355]
  356 [62356, 67356]
  357 [11357, 49357]
  358 
  359 
  360 [47360]
  361 [22361]
  362 
  363 [96363]
  364 
  365 
  366 [78366, 21366]
  367 [70367]
  368 [99368]
  369 
  370 
  371 
  372 
  373 
  374 [69374]
  375 
  376 
  377 [20377, 37377]
  378 [70378, 84378]
  379 [58379]
  380 [18380]
  381 [92381]
  382 
  383 [95383, 42383]
  384 [75384]
  385 
  386 [97386]
  387 
  388 [99388, 56388]
  389 
  390 
  391 [92391]
  392 [17392, 73392]
  393 
  394 [25394]
  395 [12395, 66395]
  396 [77396, 69396]
  397 [33397, 59397]
  398 [46398]
  399 [33399]
  400 [37400, 88400, 84400]
  401 
  402 [88402]
  403 [90403, 34403]
  404 [56404]
  405 [90405]
  406 
  407 
  408 [27408, 95408]
  409 
  410 [67410, 61410]
  411 [21411]
  412 [13412]
  413 
  414 [94414]
  415 
  416 [22416]
  417 [19417, 92417]
  418 [29418]
  419 
  420 [42420]
  421 
  422 
  423 
  424 [83424]
  425 [64425]
  426 [65426]
  427 [73427, 31427]
  428 
  429 [97429]
  430 
  431 
  432 [90432]
  433 [93433]
  434 [89434, 83434]
  435 
  436 
  437 [60437]
  438 
  439 [32439]
  440 
  441 [50441, 22441]
  442 [23442, 74442]
  443 [24443]
  444 
  445 
  446 [21446, 95446, 34446, 24446]
  447 
  448 
  449 [33449]
  450 [13450]
  451 
  452 [11452]
  453 [39453, 17453]
  454 [55454, 71454, 78454]
  455 
  456 [12456]
  457 [71457]
  458 
  459 [95459]
  460 [53460, 67460, 78460]
  461 [80461, 89461]
  462 [70462, 38462]
  463 
  464 
  465 [72465]
  466 [39466]
  467 
  468 [28468]
  469 [63469]
  470 [32470]
  471 [54471, 66471]
  472 [88472]
  473 [59473, 84473]
  474 [41474]
  475 
  476 [45476]
  477 [44477]
  478 
  479 [78479, 71479]
  480 
  481 
  482 
  483 [42483]
  484 [42484]
  485 [13485]
  486 [63486]
  487 
  488 [24488, 61488, 15488, 68488]
  489 [53489, 22489]
  490 [62490, 72490]
  491 [25491]
  492 
  493 [54493]
  494 [64494]
  495 [44495, 86495]
  496 [36496, 46496]
  497 [37497, 94497, 25497, 56497, 35497]
  498 [71498]
  499 [72499, 58499, 61499]
  500 [42500]
  501 
  502 
  503 [57503]
  504 [56504]
  505 [41505]
  506 
  507 
  508 [48508]
  509 [51509, 66509]
  510 [89510, 16510]
  511 
  512 [12512, 84512]
  513 [68513, 51513]
  514 [63514, 51514, 58514, 43514]
  515 [87515]
  516 
  517 
  518 [47518, 39518]
  519 [45519, 75519]
  520 [59520]
  521 
  522 [35522]
  523 
  524 
  525 [72525]
  526 [26526, 88526]
  527 
  528 
  529 
  530 
  531 [82531]
  532 [95532]
  533 
  534 
  535 [50535]
  536 
  537 [30537, 89537]
  538 [85538, 47538]
  539 
  540 
  541 [73541, 37541]
  542 
  543 
  544 [92544]
  545 
  546 [86546, 32546]
  547 [13547]
  548 
  549 [16549, 90549]
  550 
  551 
  552 
  553 
  554 [99554, 27554]
  555 
  556 [14556, 17556, 63556]
  557 [86557]
  558 
  559 [65559, 66559]
  560 [26560]
  561 [12561]
  562 
  563 [52563, 78563]
  564 [84564]
  565 
  566 
  567 
  568 
  569 [95569, 42569]
  570 
  571 
  572 [78572]
  573 
  574 [17574]
  575 [37575, 18575]
  576 [73576, 82576]
  577 [49577]
  578 [42578]
  579 [86579]
  580 
  581 [51581]
  582 
  583 [58583]
  584 
  585 
  586 [27586, 86586]
  587 [54587]
  588 [51588]
  589 [65589]
  590 [75590, 53590]
  591 [89591]
  592 [35592, 82592, 41592]
  593 [15593]
  594 
  595 [85595]
  596 [51596, 14596]
  597 [15597, 17597]
  598 [25598]
  599 
  600 
  601 
  602 [48602]
  603 [77603]
  604 [34604]
  605 
  606 
  607 [88607]
  608 [14608, 16608]
  609 [12609, 42609]
  610 [14610]
  611 [57611, 49611]
  612 [88612]
  613 [84613]
  614 
  615 [55615, 80615]
  616 
  617 
  618 [42618, 95618]
  619 [54619]
  620 [12620]
  621 [24621]
  622 [19622]
  623 [90623, 11623]
  624 [13624, 82624]
  625 
  626 [24626]
  627 [28627, 81627]
  628 [42628]
  629 [85629, 40629, 51629, 63629]
  630 [42630]
  631 [64631, 88631]
  632 [53632]
  633 [45633]
  634 [38634, 96634]
  635 
  636 [51636]
  637 
  638 
  639 [46639]
  640 [47640, 28640, 97640]
  641 
  642 [97642, 78642, 37642]
  643 [40643]
  644 [86644]
  645 
  646 [38646, 45646, 90646]
  647 
  648 
  649 [45649, 61649]
  650 
  651 
  652 [52652]
  653 
  654 
  655 
  656 
  657 
  658 [52658, 99658, 59658]
  659 [89659, 93659, 79659]
  660 
  661 [41661]
  662 [44662, 10662, 66662]
  663 [62663, 61663]
  664 
  665 [87665]
  666 
  667 [46667]
  668 
  669 [83669, 63669]
  670 [99670, 63670, 80670]
  671 [65671]
  672 
  673 
  674 [56674, 94674]
  675 
  676 [55676]
  677 [46677]
  678 [58678]
  679 [95679]
  680 
  681 
  682 [20682]
  683 
  684 [78684]
  685 [78685, 54685]
  686 [64686, 35686]
  687 
  688 
  689 [71689, 59689]
  690 [27690]
  691 
  692 
  693 [92693, 98693]
  694 
  695 [16695]
  696 
  697 [28697]
  698 [52698]
  699 [92699]
  700 [36700, 29700, 34700]
  701 
  702 
  703 [73703]
  704 [35704, 47704]
  705 [15705]
  706 [93706]
  707 [30707, 56707]
  708 
  709 
  710 [99710]
  711 [61711]
  712 [18712, 52712]
  713 [91713, 38713]
  714 [48714]
  715 
  716 [67716]
  717 
  718 [74718, 71718]
  719 [77719]
  720 [19720]
  721 [72721, 63721, 76721]
  722 [71722, 95722]
  723 [28723]
  724 [69724, 82724]
  725 [13725]
  726 [59726]
  727 
  728 
  729 [90729, 79729]
  730 [33730]
  731 [65731]
  732 [50732]
  733 [96733]
  734 [18734, 31734, 14734]
  735 
  736 [74736]
  737 [79737]
  738 [16738, 32738, 86738]
  739 [63739]
  740 
  741 
  742 
  743 [85743, 25743, 93743, 91743, 36743]
  744 [67744]
  745 [62745, 37745]
  746 [92746]
  747 [54747, 31747]
  748 
  749 [28749]
  750 [71750, 69750, 26750]
  751 [91751, 81751]
  752 
  753 
  754 [95754, 80754, 28754]
  755 [17755, 54755]
  756 [83756]
  757 [27757, 83757, 14757, 57757]
  758 [37758]
  759 
  760 
  761 [96761, 23761]
  762 [47762, 95762]
  763 
  764 
  765 [88765]
  766 [43766, 82766]
  767 
  768 
  769 [14769]
  770 
  771 [39771]
  772 [20772, 57772]
  773 
  774 [47774]
  775 
  776 
  777 
  778 [31778, 19778]
  779 [68779, 89779]
  780 [21780]
  781 
  782 [56782, 65782]
  783 [92783, 71783]
  784 
  785 
  786 [48786, 27786]
  787 [74787]
  788 
  789 
  790 [83790, 69790, 33790]
  791 
  792 [55792]
  793 
  794 [62794]
  795 
  796 [64796]
  797 [16797]
  798 
  799 
  800 [84800]
  801 [95801]
  802 [84802]
  803 [50803, 26803]
  804 [15804]
  805 [41805, 70805]
  806 
  807 [66807, 88807, 84807, 24807]
  808 
  809 
  810 [70810, 88810, 31810]
  811 [72811]
  812 [33812, 44812]
  813 
  814 
  815 [28815]
  816 
  817 [91817, 68817]
  818 [20818]
  819 [49819, 63819]
  820 [46820]
  821 [24821]
  822 [68822]
  823 
  824 
  825 [75825, 16825]
  826 
  827 
  828 
  829 
  830 
  831 [43831, 54831, 18831, 29831]
  832 [65832]
  833 [39833]
  834 [80834, 97834]
  835 [40835]
  836 
  837 
  838 [15838, 85838]
  839 
  840 
  841 
  842 
  843 [71843, 72843]
  844 [99844, 72844]
  845 [33845]
  846 [42846, 21846]
  847 [36847]
  848 
  849 [34849, 77849]
  850 
  851 
  852 [46852, 31852, 45852, 13852]
  853 
  854 
  855 
  856 
  857 [81857, 65857, 50857, 88857]
  858 [48858]
  859 
  860 [47860]
  861 [72861, 87861]
  862 
  863 
  864 
  865 [36865]
  866 [30866, 52866]
  867 
  868 [14868]
  869 [11869]
  870 [17870]
  871 [47871, 18871]
  872 [29872]
  873 [44873]
  874 
  875 [19875, 17875, 24875]
  876 [35876]
  877 [12877, 58877]
  878 
  879 [14879]
  880 [88880, 77880]
  881 
  882 [32882, 64882]
  883 [26883]
  884 [85884]
  885 [73885, 90885]
  886 
  887 
  888 [64888, 48888]
  889 
  890 [70890, 49890]
  891 [81891]
  892 [57892, 16892, 90892]
  893 
  894 [57894]
  895 [63895, 78895]
  896 [23896, 32896]
  897 
  898 [62898, 39898]
  899 [14899]
  900 [72900]
  901 [66901]
  902 [36902, 24902]
  903 [62903]
  904 [78904]
  905 [96905, 85905, 75905]
  906 [56906, 98906]
  907 
  908 [48908]
  909 [76909]
  910 [36910]
  911 [78911, 67911]
  912 [46912]
  913 
  914 [79914]
  915 [16915, 40915]
  916 
  917 [51917]
  918 
  919 
  920 [96920]
  921 
  922 [10922, 96922, 71922]
  923 [77923]
  924 [30924]
  925 [88925, 22925]
  926 [69926, 55926]
  927 [93927]
  928 [91928, 34928]
  929 [61929]
  930 [25930]
  931 [45931]
  932 [47932, 97932, 54932]
  933 [77933, 53933, 44933]
  934 
  935 [99935, 98935]
  936 [99936]
  937 [30937]
  938 [83938]
  939 [59939, 85939, 45939]
  940 
  941 
  942 [41942, 29942]
  943 
  944 [67944]
  945 [91945, 88945]
  946 [25946, 72946, 75946, 57946]
  947 [70947, 33947, 35947, 58947]
  948 [29948, 34948, 91948]
  949 [44949]
  950 [17950, 68950]
  951 [80951]
  952 
  953 [25953]
  954 
  955 [21955, 83955, 69955]
  956 
  957 [35957]
  958 
  959 [96959, 39959]
  960 [54960]
  961 [11961]
  962 [32962, 60962]
  963 [89963, 72963]
  964 [92964]
  965 
  966 [71966]
  967 
  968 [37968]
  969 [65969]
  970 [87970]
  971 [46971]
  972 [75972, 28972]
  973 
  974 [89974, 27974]
  975 [75975]
  976 [29976, 60976]
  977 
  978 [13978]
  979 [99979]
  980 [25980]
  981 
  982 [60982]
  983 [82983, 86983, 44983]
  984 
  985 [23985]
  986 
  987 
  988 [87988]
  989 [37989, 36989]
  990 [68990]
  991 [40991]
  992 [18992, 96992]
  993 
  994 [37994]
  995 [44995]
  996 
  997 [19997, 95997, 76997]
  998 [90998]
  999 [63999, 91999, 22999]
