    0 37400
    1 80300
    2 29700
    3 73703
    4 44004
    5 41805
    6 24205
    7 76997
    8 45101
    9 79198
   10 16510
   11 89110
   12 18712
   13 75905
   14 14314
   15 
   16 
   17 35217
   18 56118
   19 63819
   20 69317
   21 92417
   22 95722
   23 
   24 55024
   25 58325
   26 
   27 68227
   28 28627
   29 12129
   30 55028
   31 82531
   32 97932
   33 53933
   34 18734
   35 
   36 
   37 56137
   38 85838
   39 88038
   40 56138
   41 14339
   42 28640
   43 12137
   44 33044
   45 77045
   46 62745
   47 57247
   48 35248
   49 16549
   50 61649
   51 75946
   52 
   53 
   54 95754
   55 80355
   56 89155
   57 22057
   58 27554
   59 56159
   60 47360
   61 
   62 70462
   63 55063
   64 61663
   65 78165
   66 30866
   67 52866
   68 95762
   69 83669
   70 
   71 
   72 75972
   73 59473
   74 66072
   75 19875
   76 82576
   77 49577
   78 34177
   79 58379
   80 94674
   81 69374
   82 75975
   83 86983
   84 85884
   85 
   86 27586
   87 
   88 15488
   89 
   90 
   91 
   92 82592
   93 45193
   94 88093
   95 99095
   96 63895
   97 37497
   98 79297
   99 28697
  100 87000
  101 57301
  102 95801
  103 84802
  104 25394
  105 96905
  106 85905
  107 45207
  108 33106
  109 44109
  110 16608
  111 61711
  112 45212
  113 23213
  114 13313
  115 44114
  116 62794
  117 48508
  118 84807
  119 55119
  120 96920
  121 72721
  122 96922
  123 28723
  124 30924
  125 82624
  126 26526
  127 90327
  128 59520
  129 69396
  130 98028
  131 18831
  132 29831
  133 84800
  134 38634
  135 40835
  136 50732
  137 30937
  138 55123
  139 85939
  140 43016
  141 37541
  142 41942
  143 76000
  144 92544
  145 12244
  146 38646
  147 67246
  148 49611
  149 65049
  150 28749
  151 89251
  152 89252
  153 
  154 28754
  155 17755
  156 83756
  157 83757
  158 56254
  159 96959
  160 11159
  161 80461
  162 26560
  163 21062
  164 93659
  165 21065
  166 
  167 
  168 
  169 
  170 10070
  171 39771
  172 88171
  173 18871
  174 29872
  175 37575
  176 67276
  177 76077
  178 10077
  179 
  180 
  181 54081
  182 88182
  183 
  184 
  185 73885
  186 
  187 32087
  188 45287
  189 71689
  190 83790
  191 25491
  192 78292
  193 15593
  194 96992
  195 16695
  196 36496
  197 19997
  198 46398
  199 63999
  200 25497
  201 15597
  202 48602
  203 50803
  204 90403
  205 78305
  206 62898
  207 11204
  208 93706
  209 58499
  210 62903
  211 72811
  212 66212
  213 13412
  214 58514
  215 34315
  216 40915
  217 53012
  218 47518
  219 71718
  220 97020
  221 28815
  222 71722
  223 34321
  224 22215
  225 86025
  226 99226
  227 87127
  228 81627
  229 51917
  230 90405
  231 89331
  232 65131
  233 90432
  234 82724
  235 38713
  236 65136
  237 32097
  238 16738
  239 75019
  240 47538
  241 22241
  242 64042
  243 24443
  244 72844
  245 93743
  246 98146
  247 29942
  248 29948
  249 67348
  250 71750
  251 13450
  252 24446
  253 37642
  254 72843
  255 39833
  256 14556
  257 27757
  258 67356
  259 99259
  260 50857
  261 72861
  262 65161
  263 77263
  264 22264
  265 97062
  266 78366
  267 59658
  268 10168
  269 31069
  270 17870
  271 82766
  272 88272
  273 27690
  274 44274
  275 17875
  276 29976
  277 53077
  278 54176
  279 11275
  280 
  281 
  282 
  283 58583
  284 32184
  285 13485
  286 27786
  287 65187
  288 65188
  289 24488
  290 56388
  291 40991
  292 98188
  293 92693
  294 18992
  295 12395
  296 11296
  297 95997
  298 25598
  299 46496
  300 72900
  301 66295
  302 54197
  303 34403
  304 57503
  305 15705
  306 14596
  307 92699
  308 33308
  309 14608
  310 14610
  311 67410
  312 39898
  313 68513
  314 48714
  315 63015
  316 80615
  317 68488
  318 35497
  319 49819
  320 16797
  321 71783
  322 35522
  323 59689
  324 56404
  325 16825
  326 75126
  327 19027
  328 59726
  329 61929
  330 76226
  331 42127
  332 55332
  333 52026
  334 89434
  335 
  336 
  337 
  338 83938
  339 
  340 47640
  341 53140
  342 23442
  343 71843
  344 10244
  345 85040
  346 72946
  347 74047
  348 13547
  349 34446
  350 17950
  351 81751
  352 41052
  353 96049
  354 90549
  355 86155
  356 12456
  357 11357
  358 37758
  359 78454
  360 85060
  361 67460
  362 43261
  363 72963
  364 97164
  365 89461
  366 22361
  367 78460
  368 99368
  369 92746
  370 80670
  371 53170
  372 64172
  373 28972
  374 37745
  375 42163
  376 45476
  377 97166
  378 58678
  379 78479
  380 39959
  381 52068
  382 96082
  383 92783
  384 31155
  385 26750
  386 48786
  387 83955
  388 99388
  389 65288
  390 49890
  391 
  392 54292
  393 35592
  394 52092
  395 16892
  396 77396
  397 33397
  398 56497
  399 33399
  400 36700
  401 43301
  402 88402
  403 26803
  404 56504
  405 47704
  406 15804
  407 74105
  408 18005
  409 30103
  410 70810
  411 57611
  412 89510
  413 73013
  414 12512
  415 16915
  416 32314
  417 70805
  418 22416
  419 45519
  420 53220
  421 24621
  422 98319
  423 90623
  424 69724
  425 13624
  426 24626
  427 93927
  428 95028
  429 53228
  430 20226
  431 54324
  432 52132
  433 51024
  434 71922
  435 91713
  436 40012
  437 96119
  438 15838
  439 73038
  440 46639
  441 21341
  442 22441
  443 25743
  444 91743
  445 84045
  446 36743
  447 90646
  448 21348
  449 88400
  450 69750
  451 91751
  452 11452
  453 96153
  454 80754
  455 55454
  456 41150
  457 81857
  458 14757
  459 48858
  460 84059
  461 53261
  462 47762
  463 60962
  464 64264
  465 12561
  466 71966
  467 46667
  468 63166
  469 21366
  470 14769
  471 66471
  472 88472
  473 78572
  474 47774
  475 27974
  476 42276
  477 46677
  478 44477
  479 60976
  480 62078
  481 20274
  482 60982
  483 82983
  484 26883
  485 33449
  486 35686
  487 79659
  488 48888
  489 22489
  490 70890
  491 89591
  492 69790
  493 81891
  494 14734
  495 44495
  496 89537
  497 66395
  498 78563
  499 
  500 
  501 
  502 
  503 
  504 35704
  505 64305
  506 34604
  507 28006
  508 86308
  509 12609
  510 48908
  511 21411
  512 41212
  513 66509
  514 95113
  515 
  516 
  517 91817
  518 
  519 
  520 12620
  521 53321
  522 
  523 
  524 84124
  525 13725
  526 65426
  527 62127
  528 88526
  529 90729
  530 79729
  531 83031
  532 31332
  533 45633
  534 80834
  535 39035
  536 83029
  537 79737
  538 
  539 59939
  540 32439
  541 
  542 78642
  543 
  544 
  545 
  546 21446
  547 45646
  548 70947
  549 45649
  550 61050
  551 36847
  552 
  553 85253
  554 99554
  555 
  556 74256
  557 57757
  558 
  559 89659
  560 66559
  561 51161
  562 47860
  563 
  564 28064
  565 36865
  566 50066
  567 92964
  568 37968
  569 14868
  570 32470
  571 47871
  572 54471
  573 57772
  574 56674
  575 63274
  576 
  577 20377
  578 58877
  579 14879
  580 68779
  581 74277
  582 74282
  583 42383
  584 78684
  585 78685
  586 97386
  587 74283
  588 96288
  589 37989
  590 75384
  591 
  592 
  593 54493
  594 37994
  595 30295
  596 18195
  597 
  598 84198
  599 14899
  600 34700
  601 72101
  602 36902
  603 77603
  604 29204
  605 
  606 82006
  607 88607
  608 40207
  609 56707
  610 36910
  611 24807
  612 88612
  613 
  614 43514
  615 55615
  616 67716
  617 63317
  618 68817
  619 95219
  620 46820
  621 24821
  622 68822
  623 11623
  624 87515
  625 64425
  626 69926
  627 31427
  628 91928
  629 97429
  630 25930
  631 88631
  632 47932
  633 39132
  634 42420
  635 19335
  636 
  637 
  638 82038
  639 84239
  640 
  641 
  642 71042
  643 
  644 67744
  645 91945
  646 25946
  647 32546
  648 61148
  649 91948
  650 58947
  651 80951
  652 46852
  653 25953
  654 13852
  655 69955
  656 
  657 
  658 99658
  659 65559
  660 53460
  661 23761
  662 44662
  663 96363
  664 94164
  665 51258
  666 66662
  667 60067
  668 
  669 
  670 99670
  671 
  672 28172
  673 
  674 
  675 24875
  676 55676
  677 35876
  678 49078
  679 89779
  680 25980
  681 82080
  682 56782
  683 82083
  684 42484
  685 42483
  686 39186
  687 54587
  688 40288
  689 53489
  690 36989
  691 62291
  692 65589
  693 57892
  694 64494
  695 86495
  696 27095
  697 71096
  698 57894
  699 91999
  700 42500
  701 90885
  702 82102
  703 38078
  704 24902
  705 81005
  706 51306
  707 17192
  708 90892
  709 62309
  710 40310
  711 99710
  712 46912
  713 39212
  714 79914
  715 48014
  716 83209
  717 19417
  718 26015
  719 84319
  720 77719
  721 81020
  722 75519
  723 54619
  724 39224
  725 62325
  726 18326
  727 51327
  728 
  729 59029
  730 26030
  731 95331
  732 94230
  733 33730
  734 
  735 
  736 
  737 
  738 
  739 
  740 93140
  741 
  742 74442
  743 82142
  744 93143
  745 
  746 86546
  747 84347
  748 73347
  749 34849
  750 93150
  751 68950
  752 45852
  753 48053
  754 35947
  755 57946
  756 62356
  757 35957
  758 86557
  759 
  760 
  761 
  762 10662
  763 
  764 
  765 88765
  766 87665
  767 48067
  768 
  769 38169
  770 48069
  771 65671
  772 46971
  773 61273
  774 41474
  775 26075
  776 42569
  777 12877
  778 42578
  779 86579
  780 18380
  781 16170
  782 84378
  783 95383
  784 13978
  785 63469
  786 86586
  787 63486
  788 39274
  789 54685
  790 75590
  791 53590
  792 55792
  793 68990
  794 73392
  795 98693
  796 23896
  797 39297
  798 50298
  799 90998
  800 91000
  801 80001
  802 78895
  803 33790
  804 78904
  805 41505
  806 56906
  807 66807
  808 39308
  809 42609
  810 88810
  811 78911
  812 33812
  813 67911
  814 63514
  815 88807
  816 39316
  817 15114
  818 42618
  819 15119
  820 95408
  821 76721
  822 82222
  823 25023
  824 26122
  825 26124
  826 44812
  827 93227
  828 42628
  829 73427
  830 42630
  831 93231
  832 53632
  833 82232
  834 14033
  835 64631
  836 47036
  837 30537
  838 32738
  839 34928
  840 65731
  841 39341
  842 97642
  843 14027
  844 99844
  845 27245
  846 86644
  847 71247
  848 33845
  849 54747
  850 95446
  851 27248
  852 37147
  853 67944
  854 77849
  855 25055
  856 69056
  857 80056
  858 93253
  859 54755
  860 26160
  861 14056
  862 88857
  863 89963
  864 52563
  865 60260
  866 43766
  867 34948
  868 97640
  869 11869
  870 45931
  871 45939
  872 14060
  873 84473
  874 89974
  875 95459
  876 85538
  877 58040
  878 63556
  879 70131
  880 88880
  881 14081
  882 20682
  883 21780
  884 77880
  885 23985
  886 64686
  887 65782
  888 84400
  889 44873
  890 62490
  891 81190
  892 17392
  893 41592
  894 29418
  895 85595
  896 60295
  897 16297
  898 80098
  899 81199
  900 69095
  901 25101
  902 66901
  903 59195
  904 
  905 36105
  906 92205
  907 
  908 
  909 51509
  910 61410
  911 25111
  912 80112
  913 51513
  914 51514
  915 82314
  916 13016
  917 84512
  918 94414
  919 
  920 
  921 79021
  922 19622
  923 77923
  924 83424
  925 88925
  926 55926
  927 38327
  928 93328
  929 85629
  930 63629
  931 43831
  932 54831
  933 77933
  934 95532
  935 99935
  936 99936
  937 91137
  938 86738
  939 83434
  940 65832
  941 73541
  942 50441
  943 46026
  944 96634
  945 14145
  946 35045
  947 31747
  948 33947
  949 44949
  950 68049
  951 21846
  952 15252
  953 39453
  954 59246
  955 24055
  956 17453
  957 65857
  958 52658
  959 81259
  960 49357
  961 11961
  962 41661
  963 87861
  964 84564
  965 72465
  966 81265
  967 14161
  968 28468
  969 63669
  970 63670
  971 95569
  972 20772
  973 88945
  974 59274
  975 18575
  976 73576
  977 47139
  978 31778
  979 99979
  980 70279
  981 31734
  982 13071
  983 44983
  984 37284
  985 22925
  986 32882
  987 51581
  988 61488
  989 51588
  990 72490
  991 92291
  992 39466
  993 24038
  994 52652
  995 44995
  996 64796
  997 51596
  998 94497
  999 72499
 1000 61499
 1001 52698
 1002 48221
 1003 32896
 1004 44933
 1005 25197
 1006 98906
 1007 30707
 1008 27408
 1009 76909
 1010 37310
 1011 48311
 1012 52712
 1013 84613
 1014 92306
 1015 22999
 1016 31810
 1017 
 1018 74718
 1019 20818
 1020 95618
 1021 63721
 1022 10922
 1023 19720
 1024 39518
 1025 75825
 1026 72525
 1027 15327
 1028 
 1029 40629
 1030 51629
 1031 
 1032 54932
 1033 93433
 1034 59334
 1035 50535
 1036 74736
 1037 60437
 1038 97834
 1039 63739
 1040 98935
 1041 51636
 1042 67042
 1043 85743
 1044 35138
 1045 96733
 1046 42846
 1047 40643
 1048 
 1049 25249
 1050 26349
 1051 46151
 1052 31852
 1053 47252
 1054 71454
 1055 21955
 1056 17556
 1057 67057
 1058 71457
 1059 
 1060 54960
 1061 46160
 1062 38462
 1063 62663
 1064 32962
 1065 96761
 1066 12066
 1067 70367
 1068 25267
 1069 57169
 1070 65969
 1071 87970
 1072 
 1073 
 1074 17574
 1075 
 1076 
 1077 37377
 1078 70378
 1079 95679
 1080 19778
 1081 71479
 1082 92381
 1083 35181
 1084 35179
 1085 36285
 1086 64882
 1087 57187
 1088 64888
 1089 74787
 1090 87988
 1091 92391
 1092 47291
 1093 80288
 1094 
 1095 
 1096 
 1097 17597
 1098 71498
 1099 59397
