    0 [93150]
    1 
    2 
    3 [57503]
    4 [28754]
    5 [75905, 83955]
    6 [98906]
    7 
    8 
    9 [65559, 95459]
   10 
   11 [48311]
   12 [60962]
   13 
   14 
   15 [72465]
   16 
   17 
   18 [37968]
   19 [31069, 42569]
   20 
   21 
   22 
   23 [44873]
   24 [63274]
   25 [64425]
   26 [60976, 46026]
   27 [62127]
   28 [58678, 42578]
   29 
   30 
   31 [54081]
   32 [60982, 39132]
   33 
   34 [96634]
   35 [98935, 90885]
   36 [35686]
   37 [74787]
   38 [56388, 40288]
   39 [37989, 65589]
   40 [72490]
   41 
   42 [29942, 90892]
   43 
   44 [37994]
   45 
   46 [75946]
   47 [33397, 36847]
   48 [29948]
   49 [72499, 33399]
   50 
   51 
   52 [13852]
   53 
   54 [35704, 56404]
   55 [24205]
   56 [69056]
   57 [88607]
   58 [86308]
   59 [42609]
   60 [40310]
   61 [67911]
   62 [88612]
   63 
   64 
   65 [36865, 28815]
   66 [43766]
   67 [63317]
   68 [42618]
   69 
   70 [16170]
   71 
   72 [19622, 20772, 75972]
   73 
   74 [41474]
   75 [72525, 75975]
   76 [26526, 29976]
   77 [93227]
   78 [42628]
   79 [89779]
   80 [42630]
   81 [93231, 88631]
   82 [95532]
   83 [44933]
   84 [97834]
   85 
   86 [39186]
   87 
   88 
   89 
   90 [27690]
   91 
   92 [78292]
   93 
   94 [64494, 67944, 25394]
   95 [84045, 69095]
   96 
   97 
   98 
   99 [44949, 33449]
  100 [61050, 76000]
  101 [81751]
  102 [47252, 36902]
  103 [73703, 93253]
  104 [34604]
  105 [21955, 78305, 41505, 31155]
  106 
  107 [66807]
  108 
  109 [84059]
  110 [26560, 36910]
  111 [57611]
  112 [39212, 53012]
  113 
  114 [32314, 94414]
  115 [87515, 80615]
  116 
  117 
  118 [20818]
  119 [95569]
  120 
  121 [65671]
  122 
  123 [11623]
  124 [39224]
  125 
  126 [54176]
  127 [49577]
  128 [38078]
  129 [70279]
  130 
  131 [43831]
  132 [55332, 50732]
  133 [44983, 96733]
  134 
  135 
  136 
  137 
  138 
  139 [59939]
  140 
  141 [47291]
  142 [17392]
  143 
  144 
  145 [44995]
  146 
  147 [56497, 54197]
  148 [90998]
  149 
  150 [91000]
  151 [46151]
  152 
  153 [85253]
  154 [56504, 71454]
  155 
  156 
  157 [27757, 71457]
  158 
  159 
  160 [46160]
  161 [96761, 49611]
  162 
  163 
  164 [15114]
  165 
  166 [78366]
  167 [51917]
  168 [95618]
  169 [15119]
  170 [80670, 19720]
  171 
  172 
  173 
  174 [84124, 39274]
  175 [18575]
  176 
  177 [76077, 53077]
  178 [93328, 13978]
  179 [71479]
  180 
  181 [65731]
  182 [97932]
  183 [82983]
  184 
  185 
  186 [27786]
  187 
  188 
  189 [36989]
  190 
  191 [25491, 62291]
  192 [41592]
  193 
  194 
  195 [99095]
  196 
  197 [94497, 25497, 16297, 39297]
  198 [61148, 71498]
  199 [68049]
  200 [34700]
  201 [66901]
  202 
  203 [50803, 30103, 17453]
  204 
  205 [92205]
  206 
  207 [22057, 81857]
  208 [39308, 48508]
  209 [62309]
  210 [47360]
  211 
  212 
  213 [77263, 23213]
  214 
  215 [88765]
  216 [39316]
  217 [70367]
  218 
  219 [38169, 63469]
  220 
  221 
  222 [28972]
  223 
  224 
  225 [62325]
  226 [35876]
  227 [12877, 58877, 14027]
  228 [70378, 19778]
  229 [95679, 83029]
  230 
  231 [83031, 64631]
  232 [65782]
  233 [14033]
  234 
  235 
  236 [63486]
  237 
  238 
  239 [32439]
  240 [53140]
  241 [81891, 39341]
  242 [54292]
  243 
  244 
  245 [86495]
  246 
  247 
  248 [84198]
  249 
  250 
  251 [45101]
  252 
  253 
  254 [80754, 55454, 78454]
  255 
  256 [62356, 14056]
  257 [57757, 88807, 50857]
  258 
  259 
  260 [88810, 14060, 78460]
  261 [41661]
  262 
  263 [89963]
  264 [63514]
  265 [87665]
  266 
  267 [60067]
  268 
  269 [75019]
  270 [53170, 32470]
  271 [72721]
  272 [57772, 95722]
  273 
  274 [89974, 54324]
  275 
  276 [52026]
  277 
  278 [98028]
  279 [78479]
  280 
  281 [14081]
  282 [31332, 65832]
  283 [93433]
  284 
  285 [73885]
  286 [64686]
  287 [91137]
  288 
  289 [84239]
  290 
  291 [92291]
  292 
  293 [24443]
  294 
  295 
  296 [86546, 42846, 24446]
  297 [35947, 58947]
  298 [25598]
  299 
  300 [26750]
  301 
  302 [48602, 15252]
  303 
  304 [95754, 44004]
  305 [96905]
  306 [17556, 92306, 63556]
  307 [65857, 35957, 86557, 88857]
  308 
  309 [79659]
  310 
  311 
  312 [70462, 18712, 10662, 95762]
  313 
  314 
  315 
  316 
  317 [69317]
  318 [52068]
  319 
  320 [96920, 53220]
  321 
  322 [96922]
  323 [61273]
  324 [56674, 17574]
  325 [19875]
  326 [99226, 76226]
  327 
  328 [53228]
  329 [86579]
  330 [88880]
  331 
  332 
  333 
  334 [80834, 18734]
  335 
  336 [86586]
  337 
  338 [24488]
  339 
  340 
  341 
  342 [67042, 52092]
  343 [45193]
  344 
  345 [14145]
  346 [77396, 32546]
  347 [37147, 17597]
  348 
  349 [34849]
  350 
  351 [95801]
  352 
  353 [26803, 39453]
  354 
  355 
  356 [82006]
  357 [67057, 45207, 56707]
  358 
  359 [96959, 99259]
  360 
  361 [53261, 72811, 14161]
  362 [45212, 21062]
  363 [78563]
  364 
  365 [21065, 22215]
  366 [13016, 39466]
  367 
  368 [47518]
  369 [84319, 11869, 49819]
  370 
  371 
  372 [78572]
  373 
  374 [94674, 27974, 69374]
  375 [88925]
  376 [75126]
  377 [68227, 38327, 31427, 15327]
  378 
  379 [40629, 59029, 79729, 63629]
  380 [33730]
  381 [92381]
  382 [52132]
  383 
  384 
  385 
  386 
  387 [79737]
  388 [47538, 82038]
  389 [71689]
  390 [62490]
  391 [92391, 22241]
  392 [57892, 96992]
  393 [40643, 72843]
  394 [86644, 72844, 57894]
  395 [30295, 88945]
  396 [98146, 64796, 69396]
  397 [84347]
  398 [46398]
  399 
  400 
  401 
  402 
  403 
  404 
  405 [41805]
  406 [28006]
  407 
  408 
  409 [44109, 83209]
  410 [16510]
  411 [72861]
  412 
  413 
  414 [22264, 48714, 44114]
  415 [55615]
  416 
  417 [92417]
  418 [71718, 39518]
  419 [63669, 65969]
  420 [63670, 97020]
  421 [53321, 54471, 13071]
  422 [71722]
  423 
  424 [51024]
  425 
  426 
  427 
  428 [34928, 84378]
  429 
  430 [82080]
  431 [18831]
  432 [56782]
  433 [82083, 26883]
  434 
  435 
  436 
  437 [45287]
  438 [98188, 85538]
  439 
  440 [49890, 33790]
  441 
  442 [78642, 23442]
  443 [25743, 54493]
  444 
  445 
  446 [57946]
  447 [19997, 74047]
  448 [34948]
  449 [16549]
  450 [71750, 72900, 84400]
  451 [80951]
  452 [82102]
  453 
  454 [29204]
  455 [36105]
  456 
  457 
  458 
  459 
  460 [60260, 61410]
  461 [11961, 87861]
  462 [33812, 97062]
  463 
  464 [28064]
  465 
  466 [43016]
  467 
  468 [99368]
  469 
  470 
  471 [63721, 24621, 18871]
  472 
  473 
  474 
  475 
  476 [24626, 55676]
  477 
  478 
  479 
  480 
  481 
  482 [64882]
  483 [71783]
  484 [78684, 37284]
  485 [78685]
  486 [48786]
  487 
  488 [99388, 86738, 64888]
  489 [63739]
  490 [47640]
  491 
  492 [82142]
  493 
  494 
  495 [85595, 33845, 60295]
  496 [72946, 46496]
  497 
  498 
  499 
  500 
  501 
  502 
  503 
  504 
  505 [81005, 74105, 17755]
  506 
  507 
  508 [16608]
  509 [93659]
  510 [37310]
  511 [22361]
  512 [38462]
  513 [72963]
  514 [14314]
  515 
  516 
  517 
  518 
  519 
  520 [81020]
  521 
  522 [66072]
  523 [84473]
  524 
  525 
  526 
  527 
  528 
  529 [85629]
  530 
  531 
  532 
  533 
  534 
  535 
  536 
  537 [54587]
  538 [61488, 32738, 15488]
  539 [14339]
  540 [58040]
  541 
  542 [41942]
  543 [71843]
  544 [92544]
  545 [35045, 59195]
  546 [67246]
  547 [95997]
  548 
  549 [61499]
  550 
  551 
  552 
  553 [77603]
  554 [47704]
  555 
  556 [56906, 93706]
  557 
  558 [48858]
  559 
  560 [53460, 89110]
  561 [51161]
  562 [84512]
  563 [62663, 73013]
  564 [79914, 97164]
  565 
  566 [22416, 12066, 97166]
  567 
  568 
  569 [98319, 63819, 54619]
  570 [87970]
  571 
  572 [82222, 28172, 10922]
  573 
  574 [44274]
  575 
  576 [67276]
  577 [37377]
  578 
  579 
  580 
  581 
  582 [82232]
  583 
  584 
  585 [40835]
  586 
  587 
  588 [73038, 48888, 87988]
  589 [53489]
  590 
  591 [22441]
  592 [55792, 18992]
  593 [93743]
  594 
  595 [16695]
  596 [59246]
  597 [33947]
  598 
  599 [96049]
  600 [37400]
  601 
  602 
  603 
  604 
  605 [89155]
  606 
  607 
  608 [48908]
  609 
  610 
  611 
  612 [47762]
  613 
  614 [84564]
  615 
  616 [50066]
  617 
  618 
  619 
  620 [17870]
  621 
  622 [71922]
  623 
  624 [47774, 59274, 83424]
  625 [17875]
  626 [45476]
  627 [19027, 90327]
  628 
  629 [12129]
  630 [25930]
  631 
  632 [96082]
  633 
  634 [83434, 75384]
  635 [36285, 54685]
  636 
  637 [60437, 30537, 12137]
  638 [88038, 16738, 35138, 68488]
  639 [22489, 46639]
  640 
  641 [21341]
  642 
  643 [85743, 15593]
  644 
  645 [27095, 63895, 62745]
  646 [25946]
  647 [15597]
  648 [67348, 21348]
  649 [65049]
  650 
  651 [80001]
  652 
  653 [25953]
  654 [99554]
  655 [70805]
  656 [74256, 67356]
  657 [24807]
  658 [51258]
  659 
  660 [70810]
  661 
  662 [66212]
  663 [68513, 84613, 13313]
  664 [82314]
  665 [40915]
  666 [71966, 21366]
  667 [46667]
  668 [29418]
  669 [45519, 77719, 96119]
  670 
  671 [39771, 24821]
  672 
  673 
  674 
  675 
  676 [20226]
  677 [46677, 74277]
  678 
  679 [35179]
  680 [25980]
  681 [35181]
  682 [74282, 32882]
  683 [74283]
  684 [59334, 38634, 31734]
  685 
  686 
  687 
  688 
  689 
  690 [53590, 81190]
  691 
  692 
  693 [92693, 88093]
  694 [62794]
  695 [78895]
  696 [38646, 32896]
  697 [37497, 54747, 31747, 16797]
  698 
  699 [81199, 61649, 92699]
  700 [17950]
  701 [89251]
  702 [89252]
  703 [96153, 90403]
  704 [78904]
  705 [54755, 90405]
  706 [51306, 80056]
  707 
  708 
  709 
  710 [67410, 47860]
  711 [21411, 78911, 43261]
  712 
  713 [61663]
  714 
  715 [26015]
  716 
  717 [35217]
  718 
  719 
  720 
  721 [47871]
  722 
  723 
  724 [69724, 20274]
  725 [24875, 16825]
  726 [55926]
  727 [51327, 42127]
  728 [95028, 31778]
  729 
  730 [26030]
  731 [65131]
  732 [53632, 90432]
  733 [86983, 39833]
  734 
  735 
  736 [65136]
  737 
  738 [85838]
  739 
  740 [70890]
  741 [40991, 37541]
  742 
  743 
  744 [12244]
  745 [66295]
  746 [21446, 92746]
  747 [59397]
  748 [35248, 80098]
  749 [63999]
  750 [69750, 87000]
  751 [43301]
  752 [24902]
  753 
  754 
  755 [15705, 18005]
  756 [14556]
  757 
  758 [99658]
  759 [81259]
  760 [67460, 31810]
  761 [65161, 61711, 23761]
  762 [32962, 13412, 80112]
  763 [38713, 42163]
  764 
  765 [81265]
  766 
  767 
  768 
  769 [75519]
  770 [99670]
  771 [88171]
  772 
  773 
  774 
  775 [37575, 26075]
  776 
  777 [93927, 44477]
  778 [49078]
  779 
  780 
  781 [89331, 54831]
  782 [47932, 88182]
  783 [92783, 45633]
  784 [85884]
  785 
  786 [97386]
  787 [65187]
  788 [65188]
  789 
  790 [69790]
  791 
  792 [64042, 16892]
  793 
  794 
  795 [27245, 44495]
  796 [45646, 14596]
  797 [70947]
  798 [27248, 62898, 39898]
  799 [45649, 77849]
  800 [13450]
  801 [72101]
  802 [31852, 41052]
  803 [62903]
  804 
  805 [85905]
  806 
  807 [30707]
  808 [14608]
  809 [11159]
  810 [14610, 99710]
  811 
  812 
  813 [52563, 95113]
  814 
  815 [16915]
  816 
  817 
  818 
  819 [57169]
  820 [46820]
  821 [79021, 76721]
  822 [26122]
  823 [59473]
  824 [26124]
  825 [58325]
  826 
  827 [20377, 34177]
  828 
  829 [97429]
  830 [77880]
  831 
  832 
  833 
  834 
  835 [13485]
  836 
  837 [57187]
  838 [96288]
  839 [85939]
  840 [75590]
  841 
  842 [74442, 37642]
  843 
  844 [33044]
  845 [66395]
  846 [36496]
  847 
  848 [50298]
  849 [90549]
  850 [84800]
  851 
  852 [84802, 46852]
  853 
  854 [15804, 11204]
  855 
  856 
  857 [84807]
  858 
  859 [39959]
  860 [26160]
  861 
  862 
  863 [91713]
  864 [48014]
  865 
  866 
  867 
  868 [28468]
  869 [83669]
  870 [10070, 59520]
  871 
  872 [88272]
  873 [25023, 77923]
  874 
  875 
  876 [42276]
  877 [87127, 10077]
  878 
  879 [58379]
  880 
  881 [82531]
  882 [54932]
  883 [77933]
  884 [89434]
  885 
  886 
  887 
  888 [15838, 65288]
  889 
  890 
  891 
  892 [71042]
  893 [91743]
  894 
  895 [12395]
  896 [23896]
  897 [57247, 73347, 13547]
  898 
  899 
  900 [41150]
  901 [91751]
  902 [52652]
  903 [48053]
  904 
  905 [25055]
  906 [33106]
  907 
  908 [52658]
  909 [51509]
  910 [54960]
  911 [89461]
  912 [46912, 40012]
  913 [96363, 51513]
  914 [51514]
  915 [63015]
  916 
  917 [48067]
  918 [56118]
  919 [95219, 48069]
  920 
  921 [66471]
  922 [64172]
  923 [90623]
  924 
  925 [86025, 11275]
  926 [69926, 82576]
  927 
  928 
  929 [68779]
  930 
  931 
  932 
  933 
  934 [14734]
  935 [19335]
  936 
  937 [56137]
  938 [56138, 80288]
  939 
  940 
  941 
  942 [73392, 82592]
  943 [98693]
  944 [99844]
  945 [18195, 37745]
  946 [11296, 71096, 90646]
  947 
  948 [52698]
  949 
  950 [80300, 29700]
  951 [57301, 25101]
  952 
  953 
  954 
  955 [69955]
  956 [12456, 83756]
  957 [83757, 14757]
  958 [37758, 27408]
  959 [56159, 66509]
  960 [89510]
  961 [25111]
  962 [41212, 52712, 44662]
  963 
  964 [43514, 92964]
  965 [34315]
  966 [30866]
  967 [91817, 68817]
  968 [10168]
  969 [14769]
  970 
  971 [46971, 34321]
  972 [68822]
  973 
  974 [13624, 82624, 55024]
  975 
  976 
  977 [73427]
  978 [55028]
  979 [61929]
  980 
  981 [51581]
  982 
  983 [42383]
  984 
  985 [23985]
  986 
  987 [89537]
  988 [51588]
  989 
  990 [83790]
  991 [50441]
  992 
  993 
  994 
  995 
  996 [51596]
  997 [35497]
  998 [79198]
  999 [58499]
 1000 [88400]
 1001 
 1002 [88402, 45852]
 1003 
 1004 
 1005 [80355]
 1006 
 1007 [11357]
 1008 [59658]
 1009 [76909, 66559]
 1010 
 1011 
 1012 [12512]
 1013 [55063]
 1014 [64264, 94164, 58514]
 1015 
 1016 [67716]
 1017 [19417]
 1018 
 1019 
 1020 [42420]
 1021 
 1022 [35522]
 1023 
 1024 [30924]
 1025 
 1026 [65426]
 1027 [28627]
 1028 
 1029 [90729, 51629]
 1030 
 1031 [95331]
 1032 
 1033 [53933]
 1034 
 1035 [99935]
 1036 [99936, 51636, 47036]
 1037 [32087, 30937]
 1038 [24038]
 1039 [59689]
 1040 [28640, 97640]
 1041 [89591]
 1042 [97642]
 1043 
 1044 [10244, 67744]
 1045 
 1046 
 1047 [32097, 25197]
 1048 
 1049 [26349]
 1050 [36700]
 1051 
 1052 
 1053 [34403]
 1054 [56254]
 1055 [86155, 24055, 64305]
 1056 
 1057 [49357]
 1058 
 1059 
 1060 
 1061 [12561]
 1062 
 1063 
 1064 
 1065 
 1066 [63166]
 1067 
 1068 [14868]
 1069 [55119]
 1070 
 1071 [48221]
 1072 [88472]
 1073 [55123]
 1074 [82724]
 1075 [13725, 75825, 22925]
 1076 [18326, 59726]
 1077 
 1078 [91928]
 1079 [99979, 14879]
 1080 [94230, 21780]
 1081 [29831, 45931]
 1082 
 1083 [95383, 58583, 42483]
 1084 [42484]
 1085 [50535, 39035]
 1086 
 1087 
 1088 
 1089 [45939]
 1090 [85040]
 1091 [73541]
 1092 [35592, 17192]
 1093 [36743]
 1094 
 1095 [91945]
 1096 [34446]
 1097 [71247, 79297, 28697, 76997]
 1098 [91948]
 1099 [25249, 14899]
 1100 [42500, 68950]
 1101 
 1102 [11452]
 1103 
 1104 [27554]
 1105 
 1106 
 1107 [40207]
 1108 [33308, 95408]
 1109 [12609, 89659]
 1110 [85060]
 1111 [80461]
 1112 [44812, 66662]
 1113 
 1114 
 1115 [78165]
 1116 [52866, 82766]
 1117 [25267]
 1118 [74718]
 1119 
 1120 [12620]
 1121 
 1122 [29872]
 1123 [28723]
 1124 
 1125 
 1126 [73576, 88526]
 1127 [81627]
 1128 [62078]
 1129 
 1130 [18380]
 1131 [70131]
 1132 [20682]
 1133 
 1134 [32184]
 1135 
 1136 [74736, 27586]
 1137 
 1138 [83938]
 1139 [47139]
 1140 [68990, 93140]
 1141 
 1142 
 1143 [93143]
 1144 
 1145 [77045]
 1146 [95446, 21846]
 1147 
 1148 
 1149 [28749, 91999, 22999]
