    0 42500
    1 72499
    2 80001
    3 28749
    4 57503
    5 28754
    6 83756
    7 83757
    8 51258
    9 81259
   10 56254
   11 23761
   12 12512
   13 40012
   14 
   15 88765
   16 43766
   17 81265
   18 47518
   19 87515
   20 75019
   21 
   22 
   23 25023
   24 61273
   25 72525
   26 55024
   27 11275
   28 95028
   29 55028
   30 68779
   31 82531
   32 
   33 
   34 
   35 36285
   36 48786
   37 
   38 96288
   39 47538
   40 83790
   41 37541
   42 33790
   43 85040
   44 92544
   45 66295
   46 11296
   47 16297
   48 35045
   49 65049
   50 32546
   51 
   52 
   53 
   54 27554
   55 25055
   56 51306
   57 80056
   58 86308
   59 88807
   60 85060
   61 88810
   62 33812
   63 52563
   64 55063
   65 28815
   66 50066
   67 68817
   68 17556
   69 42569
   70 10070
   71 12561
   72 68822
   73 63819
   74 17574
   75 37575
   76 82576
   77 51327
   78 42578
   79 10077
   80 60067
   81 43831
   82 31332
   83 18831
   84 
   85 
   86 27586
   87 
   88 
   89 
   90 
   91 21341
   92 82592
   93 
   94 
   95 33845
   96 
   97 17597
   98 80098
   99 21348
  100 26349
  101 25101
  102 13852
  103 30103
  104 77603
  105 45101
  106 
  107 11357
  108 88857
  109 12609
  110 42609
  111 57611
  112 80112
  113 96363
  114 15114
  115 48858
  116 21366
  117 95113
  118 42618
  119 55119
  120 15119
  121 18871
  122 12620
  123 55123
  124 82624
  125 25111
  126 75126
  127 58877
  128 42628
  129 
  130 88880
  131 42630
  132 65131
  133 70131
  134 
  135 73885
  136 65136
  137 
  138 56388
  139 35138
  140 47640
  141 97640
  142 97642
  143 48888
  144 37642
  145 63895
  146 23896
  147 78895
  148 46398
  149 66395
  150 
  151 
  152 52652
  153 
  154 78904
  155 56404
  156 98906
  157 
  158 52658
  159 48908
  160 61410
  161 21411
  162 65161
  163 62663
  164 78911
  165 87665
  166 
  167 
  168 10168
  169 
  170 
  171 
  172 
  173 
  174 
  175 88925
  176 
  177 93927
  178 31427
  179 35179
  180 
  181 35181
  182 
  183 53933
  184 
  185 98935
  186 
  187 65187
  188 65188
  189 83938
  190 27690
  191 
  192 
  193 92693
  194 45193
  195 88945
  196 21446
  197 33947
  198 52698
  199 92699
  200 68950
  201 58947
  202 11452
  203 25197
  204 47704
  205 71454
  206 83955
  207 45207
  208 40207
  209 71457
  210 
  211 
  212 45212
  213 52712
  214 
  215 
  216 67716
  217 35217
  218 
  219 95219
  220 77719
  221 72721
  222 66471
  223 28972
  224 41474
  225 82724
  226 20226
  227 
  228 13978
  229 71479
  230 
  231 
  232 
  233 
  234 
  235 23985
  236 
  237 
  238 61488
  239 32738
  240 68990
  241 
  242 18992
  243 
  244 10244
  245 86495
  246 67744
  247 36496
  248 71498
  249 63999
  250 25249
  251 46496
  252 56497
  253 85253
  254 56504
  255 44004
  256 17755
  257 27757
  258 37758
  259 41505
  260 16510
  261 57757
  262 47762
  263 51513
  264 51514
  265 15252
  266 51509
  267 25267
  268 35248
  269 66509
  270 62745
  271 79021
  272 57772
  273 60260
  274 47774
  275 61499
  276 26526
  277 19027
  278 14027
  279 70279
  280 59029
  281 82766
  282 20274
  283 92783
  284 14033
  285 39035
  286 27786
  287 45287
  288 65288
  289 40288
  290 92746
  291 37745
  292 64042
  293 24038
  294 62794
  295 30295
  296 86546
  297 84045
  298 74047
  299 16549
  300 60295
  301 50298
  302 80300
  303 80288
  304 
  305 24055
  306 69056
  307 86557
  308 14056
  309 66559
  310 26560
  311 72811
  312 40310
  313 84059
  314 14060
  315 
  316 
  317 
  318 
  319 
  320 
  321 
  322 
  323 
  324 
  325 
  326 
  327 90327
  328 49078
  329 86579
  330 15327
  331 14081
  332 54081
  333 95331
  334 97834
  335 55332
  336 86586
  337 51581
  338 51588
  339 
  340 
  341 
  342 41592
  343 72843
  344 72844
  345 99095
  346 51596
  347 42846
  348 69095
  349 77849
  350 
  351 
  352 
  353 
  354 
  355 74105
  356 80355
  357 
  358 16608
  359 44109
  360 89110
  361 72861
  362 87861
  363 47860
  364 44114
  365 
  366 52866
  367 70367
  368 
  369 
  370 17870
  371 47871
  372 
  373 11623
  374 84124
  375 17875
  376 
  377 20377
  378 70378
  379 12877
  380 81627
  381 51629
  382 39132
  383 95383
  384 96634
  385 77880
  386 51636
  387 75384
  388 32882
  389 46639
  390 
  391 
  392 57892
  393 
  394 86644
  395 14145
  396 57894
  397 25394
  398 62898
  399 61649
  400 72900
  401 32896
  402 
  403 90403
  404 62903
  405 89155
  406 90405
  407 
  408 95408
  409 
  410 
  411 67911
  412 41661
  413 61663
  414 94164
  415 14161
  416 66662
  417 46667
  418 
  419 
  420 
  421 
  422 64172
  423 77923
  424 56674
  425 22925
  426 65426
  427 46677
  428 34177
  429 54176
  430 
  431 
  432 47932
  433 90432
  434 77933
  435 97932
  436 39186
  437 60437
  438 
  439 71689
  440 
  441 50441
  442 
  443 
  444 67944
  445 16695
  446 95446
  447 72946
  448 54197
  449 84198
  450 36700
  451 17950
  452 57946
  453 59195
  454 29204
  455 55454
  456 24205
  457 56707
  458 79198
  459 95459
  460 
  461 80461
  462 70462
  463 61711
  464 32962
  465 39212
  466 72963
  467 91713
  468 71718
  469 37968
  470 87970
  471 76721
  472 71722
  473 92964
  474 39224
  475 27974
  476 99226
  477 45476
  478 
  479 
  480 94230
  481 
  482 
  483 82983
  484 31734
  485 96733
  486 
  487 
  488 16738
  489 37989
  490 84239
  491 25491
  492 15488
  493 91743
  494 37994
  495 36743
  496 86738
  497 25497
  498 31747
  499 59246
  500 71750
  501 89251
  502 91751
  503 89252
  504 81751
  505 18005
  506 74256
  507 35497
  508 28006
  509 99259
  510 87988
  511 96761
  512 53012
  513 73013
  514 64264
  515 48014
  516 63015
  517 13016
  518 43016
  519 45519
  520 75519
  521 26750
  522 35522
  523 22999
  524 44274
  525 59274
  526 39274
  527 74277
  528 31778
  529 98028
  530 21780
  531 83031
  532 74282
  533 56782
  534 74283
  535 50535
  536 95532
  537 30537
  538 88038
  539 73038
  540 85538
  541 58040
  542 54292
  543 83029
  544 33044
  545 71783
  546 
  547 79297
  548 39297
  549 68049
  550 90549
  551 16797
  552 
  553 26803
  554 48053
  555 41805
  556 64305
  557 66807
  558 39308
  559 65559
  560 31810
  561 
  562 
  563 
  564 14314
  565 34315
  566 39316
  567 91817
  568 48067
  569 84319
  570 46820
  571 95569
  572 48069
  573 34321
  574 54324
  575 16825
  576 69317
  577 53077
  578 13071
  579 28064
  580 38078
  581 89331
  582 
  583 
  584 59334
  585 19335
  586 
  587 
  588 
  589 65589
  590 75590
  591 14339
  592 35592
  593 15593
  594 71843
  595 85595
  596 39341
  597 84347
  598 25598
  599 15597
  600 88093
  601 36847
  602 46852
  603 31852
  604 21846
  605 
  606 33106
  607 81857
  608 49357
  609 
  610 
  611 
  612 
  613 
  614 
  615 36865
  616 55615
  617 80615
  618 99368
  619 11869
  620 95618
  621 
  622 
  623 90623
  624 69374
  625 
  626 
  627 
  628 84378
  629 85629
  630 40629
  631 
  632 
  633 45633
  634 26883
  635 
  636 
  637 
  638 99388
  639 
  640 53140
  641 81891
  642 93140
  643 40643
  644 16892
  645 93143
  646 98146
  647 45646
  648 90646
  649 45649
  650 93150
  651 59397
  652 36902
  653 34403
  654 69396
  655 96905
  656 56906
  657 66901
  658 84400
  659 76909
  660 36910
  661 
  662 46912
  663 10662
  664 94414
  665 16915
  666 63166
  667 78165
  668 19417
  669 38169
  670 80670
  671 53170
  672 65671
  673 96920
  674 88171
  675 28172
  676 55676
  677 96922
  678 91928
  679 95679
  680 61929
  681 71922
  682 20682
  683 88182
  684 89434
  685 64425
  686 35686
  687 51917
  688 98188
  689 29418
  690 
  691 
  692 41942
  693 24443
  694 74442
  695 18195
  696 91945
  697 34446
  698 24446
  699 91948
  700 
  701 
  702 
  703 39453
  704 35704
  705 21955
  706 15705
  707 30707
  708 
  709 96959
  710 83209
  711 11961
  712 89461
  713 23213
  714 
  715 
  716 71966
  717 39466
  718 
  719 
  720 53220
  721 46971
  722 54471
  723 59473
  724 84473
  725 95722
  726 48221
  727 68227
  728 93227
  729 53228
  730 90729
  731 93231
  732 44477
  733 86983
  734 65731
  735 50732
  736 
  737 
  738 24488
  739 36989
  740 
  741 
  742 96992
  743 85743
  744 25743
  745 44495
  746 64494
  747 94497
  748 54493
  749 91999
  750 87000
  751 76997
  752 
  753 93253
  754 95754
  755 80754
  756 82006
  757 
  758 
  759 
  760 89510
  761 53261
  762 43261
  763 84512
  764 95762
  765 
  766 
  767 
  768 39518
  769 
  770 97020
  771 59520
  772 20772
  773 88272
  774 63274
  775 
  776 52026
  777 
  778 
  779 
  780 
  781 
  782 65782
  783 
  784 
  785 
  786 47036
  787 89537
  788 82038
  789 
  790 
  791 
  792 55792
  793 67042
  794 78292
  795 77045
  796 
  797 
  798 
  799 
  800 
  801 43301
  802 95801
  803 50803
  804 15804
  805 78305
  806 14556
  807 22057
  808 67057
  809 33308
  810 70810
  811 48311
  812 70805
  813 13313
  814 84564
  815 97062
  816 12066
  817 63317
  818 20818
  819 98319
  820 99554
  821 53321
  822 52068
  823 
  824 
  825 75825
  826 18326
  827 49577
  828 38327
  829 93328
  830 82080
  831 62078
  832 65832
  833 82083
  834 80834
  835 40835
  836 58325
  837 32087
  838 15838
  839 85838
  840 54587
  841 89591
  842 52092
  843 
  844 
  845 27095
  846 14596
  847 73347
  848 32097
  849 
  850 
  851 72101
  852 82102
  853 45852
  854 34604
  855 
  856 
  857 65857
  858 14608
  859 50857
  860 14610
  861 49611
  862 
  863 84613
  864 
  865 
  866 30866
  867 78366
  868 
  869 54619
  870 
  871 24621
  872 19622
  873 
  874 
  875 
  876 24626
  877 62127
  878 87127
  879 12129
  880 58379
  881 18380
  882 52132
  883 35876
  884 64631
  885 42127
  886 90885
  887 12137
  888 85884
  889 47139
  890 70890
  891 
  892 73392
  893 82142
  894 90892
  895 
  896 
  897 33397
  898 37147
  899 33399
  900 88400
  901 
  902 88402
  903 
  904 
  905 85905
  906 75905
  907 
  908 99658
  909 89659
  910 59658
  911 79659
  912 13412
  913 44662
  914 97164
  915 40915
  916 42163
  917 97166
  918 
  919 57169
  920 99670
  921 
  922 10922
  923 
  924 30924
  925 83424
  926 55926
  927 73427
  928 94674
  929 
  930 25930
  931 45931
  932 
  933 93433
  934 83434
  935 32184
  936 64686
  937 30937
  938 57187
  939 85939
  940 45939
  941 59689
  942 23442
  943 17192
  944 54685
  945 
  946 25946
  947 70947
  948 75946
  949 35947
  950 29700
  951 80951
  952 34700
  953 13450
  954 25953
  955 92205
  956 78454
  957 35957
  958 33449
  959 
  960 53460
  961 99710
  962 38462
  963 60962
  964 78460
  965 22215
  966 
  967 
  968 74718
  969 65969
  970 28468
  971 19720
  972 88472
  973 82222
  974 69724
  975 75972
  976 59726
  977 60976
  978 63469
  979 78479
  980 25980
  981 79729
  982 60982
  983 82232
  984 14734
  985 13485
  986 74736
  987 79737
  988 68488
  989 53489
  990 63486
  991 40991
  992 22241
  993 75975
  994 12244
  995 27245
  996 67246
  997 54747
  998 27248
  999 57247
 1000 95997
 1001 69750
 1002 91000
 1003 90998
 1004 47252
 1005 81005
 1006 58499
 1007 14757
 1008 54755
 1009 48508
 1010 76000
 1011 
 1012 
 1013 77263
 1014 22264
 1015 63514
 1016 68513
 1017 58514
 1018 43514
 1019 14769
 1020 81020
 1021 39771
 1022 26015
 1023 
 1024 51024
 1025 86025
 1026 42276
 1027 67276
 1028 19778
 1029 89779
 1030 26030
 1031 46026
 1032 88526
 1033 
 1034 37284
 1035 
 1036 
 1037 74787
 1038 
 1039 
 1040 69790
 1041 73541
 1042 71042
 1043 62291
 1044 92291
 1045 47291
 1046 64796
 1047 13547
 1048 
 1049 96049
 1050 61050
 1051 57301
 1052 84802
 1053 41052
 1054 84800
 1055 
 1056 92306
 1057 84807
 1058 63556
 1059 62309
 1060 37310
 1061 24807
 1062 21062
 1063 44812
 1064 82314
 1065 21065
 1066 32314
 1067 78563
 1068 
 1069 31069
 1070 49819
 1071 24821
 1072 66072
 1073 78572
 1074 
 1075 18575
 1076 73576
 1077 76077
 1078 26075
 1079 62325
 1080 
 1081 54831
 1082 29831
 1083 96082
 1084 58583
 1085 39833
 1086 
 1087 
 1088 
 1089 
 1090 53590
 1091 
 1092 
 1093 
 1094 99844
 1095 
 1096 71096
 1097 
 1098 67348
 1099 34849
 1100 
 1101 
 1102 48602
 1103 
 1104 
 1105 36105
 1106 62356
 1107 88607
 1108 67356
 1109 
 1110 47360
 1111 22361
 1112 88612
 1113 
 1114 
 1115 
 1116 
 1117 
 1118 56118
 1119 96119
 1120 14868
 1121 
 1122 26122
 1123 29872
 1124 13624
 1125 19875
 1126 24875
 1127 28627
 1128 37377
 1129 14879
 1130 63629
 1131 92381
 1132 53632
 1133 42383
 1134 38634
 1135 88631
 1136 97386
 1137 56137
 1138 56138
 1139 91137
 1140 28640
 1141 92391
 1142 17392
 1143 78642
 1144 49890
 1145 12395
 1146 77396
 1147 38646
 1148 61148
 1149 64888
 1150 37400
 1151 46151
 1152 41150
 1153 96153
 1154 26124
 1155 86155
 1156 14899
 1157 39898
 1158 27408
 1159 11159
 1160 26160
 1161 51161
 1162 67410
 1163 46160
 1164 79914
 1165 93659
 1166 22416
 1167 56159
 1168 24902
 1169 83669
 1170 63670
 1171 63669
 1172 16170
 1173 92417
 1174 31155
 1175 64882
 1176 69926
 1177 44873
 1178 58678
 1179 97429
 1180 34928
 1181 42420
 1182 54932
 1183 44933
 1184 78684
 1185 99935
 1186 99936
 1187 78685
 1188 
 1189 59939
 1190 32439
 1191 81190
 1192 29942
 1193 98693
 1194 22441
 1195 
 1196 
 1197 28697
 1198 29948
 1199 44949
 1200 81199
 1201 34948
 1202 
 1203 73703
 1204 11204
 1205 17453
 1206 12456
 1207 93706
 1208 69955
 1209 39959
 1210 67460
 1211 54960
 1212 41212
 1213 89963
 1214 48714
 1215 72465
 1216 18712
 1217 66212
 1218 38713
 1219 
 1220 32470
 1221 63721
 1222 
 1223 28723
 1224 89974
 1225 13725
 1226 29976
 1227 76226
 1228 
 1229 99979
 1230 33730
 1231 
 1232 
 1233 44983
 1234 18734
 1235 42484
 1236 42483
 1237 
 1238 
 1239 63739
 1240 62490
 1241 72490
 1242 22489
 1243 93743
 1244 
 1245 44995
 1246 
 1247 19997
 1248 71247
 1249 37497
