    0 
    1 93143
    2 22999
    3 83955
    4 29418
    5 69955
    6 31810
    7 30103
    8 78563
    9 80001
   10 54685
   11 80300
   12 
   13 40207
   14 
   15 
   16 50803
   17 30707
   18 90403
   19 91000
   20 40310
   21 80112
   22 11204
   23 81005
   24 51306
   25 70810
   26 41505
   27 21411
   28 41212
   29 40915
   30 42500
   31 41805
   32 20818
   33 72101
   34 51514
   35 82006
   36 12609
   37 30924
   38 43301
   39 42609
   40 90623
   41 62309
   42 71718
   43 82102
   44 61711
   45 50535
   46 90729
   47 73703
   48 10244
   49 30937
   50 23213
   51 12129
   52 80834
   53 44004
   54 62127
   55 63514
   56 63317
   57 61929
   58 52132
   59 71042
   60 72721
   61 34315
   62 21446
   63 13725
   64 35704
   65 61148
   66 71247
   67 53321
   68 93227
   69 83031
   70 80754
   71 11357
   72 74718
   73 43831
   74 84124
   75 80461
   76 56504
   77 70462
   78 70367
   79 22057
   80 24626
   81 66807
   82 37400
   83 73541
   84 81857
   85 55119
   86 93927
   87 95028
   88 22264
   89 21955
   90 80670
   91 26803
   92 71966
   93 26526
   94 85629
   95 20682
   96 16915
   97 15838
   98 53261
   99 53460
  100 60982
  101 30295
  102 83757
  103 44949
  104 39308
  105 48714
  106 70890
  107 43766
  108 25249
  109 45649
  110 32087
  111 31778
  112 64264
  113 83669
  114 63274
  115 68227
  116 51596
  117 39316
  118 73576
  119 27245
  120 62490
  121 13485
  122 47640
  123 96153
  124 92391
  125 86155
  126 95754
  127 97642
  128 85060
  129 84564
  130 72499
  131 47932
  132 99226
  133 86644
  134 89331
  135 83790
  136 27757
  137 98146
  138 64686
  139 54292
  140 23896
  141 25980
  142 77263
  143 99935
  144 44495
  145 56674
  146 63999
  147 95679
  148 76077
  149 64796
  150 94497
  151 99844
  152 36285
  153 47762
  154 88925
  155 47774
  156 63670
  157 85743
  158 85595
  159 45287
  160 85838
  161 69724
  162 47518
  163 88612
  164 88472
  165 78904
  166 65188
  167 58379
  168 86495
  169 37575
  170 53489
  171 37989
  172 49078
  173 54831
  174 37497
  175 99670
  176 49577
  177 78684
  178 37994
  179 77396
  180 19875
  181 46820
  182 92783
  183 33845
  184 88765
  185 88182
  186 42276
  187 99979
  188 25946
  189 81199
  190 99388
  191 16695
  192 89963
  193 38646
  194 46151
  195 34849
  196 79297
  197 19997
  198 56118
  199 78305
  200 74282
  201 65049
  202 89659
  203 46398
  204 39771
  205 39224
  206 18380
  207 54747
  208 40991
  209 72844
  210 25497
  211 87127
  212 25491
  213 17392
  214 95219
  215 68822
  216 68513
  217 72861
  218 62291
  219 57611
  220 85253
  221 57301
  222 89510
  223 62356
  224 15705
  225 44274
  226 67057
  227 39453
  228 92544
  229 88038
  230 14145
  231 14081
  232 67716
  233 88402
  234 18575
  235 65426
  236 56906
  237 75825
  238 72490
  239 77045
  240 17875
  241 30866
  242 82222
  243 89974
  244 95446
  245 70279
  246 79737
  247 20377
  248 27248
  249 68049
  250 19027
  251 96905
  252 36989
  253 53228
  254 59274
  255 50441
  256 63739
  257 47871
  258 72465
  259 18195
  260 24875
  261 95801
  262 60437
  263 81265
  264 29948
  265 25598
  266 75590
  267 69926
  268 59473
  269 53170
  270 46677
  271 86546
  272 88880
  273 89251
  274 63669
  275 31069
  276 57247
  277 24443
  278 25743
  279 84347
  280 56138
  281 67460
  282 42628
  283 26030
  284 84319
  285 96959
  286 84045
  287 52563
  288 84802
  289 93743
  290 91751
  291 72946
  292 55926
  293 65671
  294 24488
  295 72811
  296 65559
  297 11159
  298 26160
  299 55792
  300 31332
  301 42630
  302 95569
  303 65589
  304 56388
  305 46852
  306 31852
  307 98906
  308 42846
  309 97386
  310 25055
  311 16825
  312 57169
  313 74047
  314 14556
  315 88607
  316 70378
  317 47704
  318 38462
  319 39132
  320 99936
  321 45207
  322 67276
  323 14610
  324 19622
  325 96363
  326 24055
  327 35592
  328 25023
  329 45212
  330 86308
  331 59334
  332 14879
  333 19778
  334 51161
  335 28627
  336 78479
  337 89252
  338 84613
  339 28697
  340 46667
  341 64042
  342 74256
  343 55028
  344 79021
  345 16297
  346 73038
  347 65161
  348 62663
  349 96920
  350 45519
  351 78911
  352 64305
  353 11296
  354 16549
  355 75126
  356 30537
  357 11961
  358 74736
  359 41474
  360 99095
  361 72525
  362 20772
  363 22489
  364 52866
  365 82531
  366 13313
  367 83938
  368 61050
  369 14339
  370 56782
  371 53590
  372 67744
  373 97834
  374 45852
  375 61273
  376 65857
  377 35686
  378 93231
  379 36105
  380 94164
  381 99259
  382 36700
  383 65131
  384 71498
  385 18326
  386 15804
  387 54081
  388 95331
  389 29204
  390 28640
  391 60295
  392 48053
  393 32962
  394 36865
  395 55063
  396 33397
  397 95997
  398 97020
  399 33308
  400 40629
  401 63721
  402 21065
  403 84239
  404 18712
  405 15593
  406 12395
  407 71843
  408 71750
  409 11452
  410 91945
  411 67042
  412 85905
  413 12877
  414 34177
  415 46971
  416 82983
  417 44477
  418 11869
  419 79914
  420 59029
  421 88810
  422 71722
  423 65136
  424 55676
  425 67410
  426 72900
  427 88171
  428 53140
  429 44114
  430 27095
  431 56137
  432 48311
  433 41052
  434 54960
  435 53632
  436 12244
  437 98188
  438 51327
  439 66212
  440 78292
  441 71096
  442 92291
  443 64494
  444 54471
  445 58877
  446 37147
  447 51513
  448 48602
  449 76909
  450 36496
  451 33812
  452 68779
  453 61488
  454 46912
  455 39212
  456 16738
  457 49819
  458 78685
  459 95383
  460 65969
  461 91743
  462 59939
  463 28172
  464 58514
  465 13412
  466 53220
  467 25267
  468 52712
  469 63166
  470 52658
  471 93433
  472 35522
  473 39186
  474 65288
  475 10070
  476 10922
  477 20226
  478 74105
  479 15597
  480 55615
  481 67911
  482 15119
  483 78642
  484 37310
  485 28749
  486 34403
  487 99368
  488 18734
  489 57892
  490 46639
  491 50298
  492 46496
  493 57503
  494 41942
  495 46160
  496 81627
  497 76721
  498 92693
  499 98935
  500 69056
  501 18005
  502 34604
  503 68990
  504 71479
  505 17755
  506 61663
  507 39297
  508 67356
  509 45646
  510 89591
  511 80355
  512 82314
  513 11623
  514 69750
  515 73885
  516 73427
  517 56497
  518 35957
  519 86983
  520 38327
  521 32439
  522 35876
  523 66295
  524 73013
  525 96922
  526 27586
  527 31427
  528 82232
  529 29700
  530 55454
  531 91817
  532 37758
  533 78165
  534 16510
  535 32738
  536 24821
  537 10168
  538 45476
  539 26075
  540 15488
  541 73392
  542 51636
  543 68817
  544 87665
  545 58678
  546 38169
  547 91137
  548 14757
  549 62898
  550 48908
  551 93150
  552 45193
  553 14608
  554 13624
  555 83424
  556 59726
  557 48069
  558 54324
  559 42383
  560 36743
  561 69790
  562 86738
  563 81891
  564 80056
  565 81751
  566 57894
  567 54197
  568 90432
  569 57757
  570 26560
  571 19335
  572 21062
  573 93328
  574 53012
  575 92205
  576 17950
  577 67246
  578 22241
  579 39341
  580 77933
  581 63895
  582 51629
  583 18831
  584 47036
  585 14033
  586 70947
  587 90998
  588 88093
  589 12512
  590 24621
  591 89779
  592 29976
  593 74283
  594 26122
  595 40835
  596 88807
  597 55332
  598 31747
  599 24205
  600 36847
  601 51024
  602 33106
  603 87000
  604 82592
  605 23442
  606 95532
  607 89155
  608 17870
  609 15252
  610 61649
  611 67944
  612 14314
  613 65187
  614 91999
  615 73347
  616 68950
  617 64172
  618 32314
  619 48014
  620 72963
  621 25101
  622 35045
  623 92381
  624 47252
  625 38634
  626 96288
  627 14596
  628 35217
  629 18992
  630 98319
  631 97164
  632 33947
  633 81259
  634 86025
  635 89434
  636 64631
  637 80951
  638 49890
  639 57772
  640 21846
  641 79729
  642 64888
  643 70805
  644 90327
  645 34700
  646 86557
  647 12456
  648 50857
  649 37377
  650 82083
  651 44109
  652 41150
  653 96761
  654 42578
  655 76226
  656 82576
  657 85939
  658 57187
  659 41661
  660 67348
  661 25394
  662 40288
  663 97429
  664 93706
  665 28468
  666 52092
  667 42618
  668 13450
  669 51509
  670 83434
  671 99710
  672 88631
  673 50066
  674 97062
  675 93659
  676 66559
  677 22416
  678 28815
  679 82624
  680 63629
  681 71454
  682 42569
  683 95618
  684 35248
  685 34321
  686 17556
  687 25953
  688 35181
  689 66471
  690 87861
  691 49357
  692 84473
  693 77849
  694 33044
  695 90646
  696 59246
  697 65832
  698 28723
  699 71689
  700 63015
  701 19417
  702 14161
  703 78366
  704 58499
  705 15114
  706 80098
  707 41592
  708 44983
  709 43261
  710 93253
  711 91928
  712 59520
  713 60976
  714 16608
  715 29831
  716 17453
  717 13547
  718 95722
  719 98693
  720 36902
  721 88945
  722 56159
  723 13016
  724 66509
  725 75972
  726 10077
  727 94230
  728 44662
  729 46026
  730 32546
  731 54755
  732 29942
  733 48786
  734 48067
  735 53077
  736 74787
  737 47291
  738 60962
  739 14056
  740 62794
  741 34928
  742 42127
  743 18871
  744 13852
  745 22215
  746 62903
  747 34446
  748 71922
  749 65731
  750 42484
  751 99658
  752 86579
  753 91713
  754 89110
  755 16170
  756 92699
  757 48508
  758 37284
  759 23761
  760 84512
  761 26124
  762 66072
  763 62745
  764 12561
  765 64425
  766 51917
  767 88857
  768 90405
  769 32470
  770 60260
  771 54176
  772 84198
  773 17597
  774 81190
  775 12137
  776 82080
  777 37968
  778 69095
  779 93140
  780 53933
  781 77719
  782 32184
  783 96049
  784 83209
  785 35138
  786 59658
  787 96634
  788 54587
  789 54493
  790 47139
  791 71457
  792 14027
  793 77603
  794 52026
  795 33730
  796 21366
  797 61499
  798 88526
  799 34948
  800 78572
  801 39035
  802 97640
  803 78895
  804 90549
  805 12066
  806 37541
  807 61410
  808 10662
  809 36910
  810 24446
  811 74277
  812 74442
  813 27786
  814 88272
  815 31734
  816 96082
  817 45633
  818 14899
  819 21341
  820 58583
  821 55024
  822 45931
  823 59397
  824 17574
  825 27408
  826 48858
  827 25930
  828 75946
  829 39898
  830 21780
  831 42483
  832 52698
  833 82724
  834 84807
  835 89461
  836 62078
  837 76997
  838 81020
  839 78454
  840 45101
  841 35179
  842 82766
  843 62325
  844 15327
  845 87515
  846 38713
  847 69396
  848 94674
  849 22361
  850 43514
  851 22441
  852 84059
  853 92306
  854 29872
  855 95408
  856 45939
  857 51588
  858 96992
  859 40012
  860 82142
  861 94414
  862 14060
  863 95459
  864 33790
  865 86586
  866 77880
  867 85538
  868 84378
  869 63819
  870 95113
  871 98028
  872 35947
  873 32097
  874 28972
  875 85040
  876 66901
  877 58325
  878 19720
  879 84800
  880 14769
  881 75519
  882 51258
  883 75019
  884 78460
  885 47538
  886 96733
  887 58040
  888 12620
  889 57946
  890 27974
  891 69317
  892 21348
  893 26015
  894 91948
  895 13978
  896 50732
  897 80615
  898 13071
  899 68488
  900 83029
  901 95762
  902 35497
  903 96119
  904 16797
  905 44812
  906 90885
  907 97932
  908 28064
  909 40643
  910 38078
  911 88400
  912 87970
  913 33399
  914 47360
  915 26883
  916 20274
  917 24902
  918 26349
  919 17192
  920 92746
  921 23985
  922 37745
  923 33449
  924 42163
  925 11275
  926 54932
  927 28754
  928 83756
  929 28006
  930 22925
  931 58947
  932 48888
  933 63469
  934 75384
  935 65782
  936 97166
  937 71783
  938 16892
  939 14868
  940 32882
  941 99554
  942 37642
  943 79659
  944 59689
  945 55123
  946 69374
  947 44995
  948 51581
  949 39466
  950 24038
  951 56254
  952 77923
  953 14734
  954 90892
  955 92417
  956 87988
  957 80288
  958 59195
  959 43016
  960 56707
  961 52652
  962 56404
  963 27554
  964 63556
  965 48221
  966 54619
  967 76000
  968 92964
  969 72843
  970 79198
  971 89537
  972 32896
  973 39959
  974 70131
  975 52068
  976 39833
  977 31155
  978 24807
  979 39518
  980 63486
  981 85884
  982 60067
  983 84400
  984 75975
  985 66395
  986 66662
  987 39274
  988 47860
  989 26750
  990 64882
  991 75905
  992 82038
  993 44873
  994 44933
  995 27690
  996 42420
  997 49611
  998 25197
  999 25111
