    0 57946
    1 83756
    2 16170
    3 35179
    4 55123
    5 39274
    6 64882
    7 30103
    8 20274
    9 80001
   10 59195
   11 80300
   12 75946
   13 40207
   14 69396
   15 65782
   16 50803
   17 30707
   18 40310
   19 91000
   20 70805
   21 90403
   22 80112
   23 81005
   24 51306
   25 70810
   26 63486
   27 21411
   28 41212
   29 40915
   30 42500
   31 82102
   32 41805
   33 20818
   34 51514
   35 82006
   36 12609
   37 30924
   38 43301
   39 42609
   40 40629
   41 72900
   42 71718
   43 90623
   44 33308
   45 50535
   46 90729
   47 73703
   48 10244
   49 30937
   50 80834
   51 12129
   52 23213
   53 44004
   54 62127
   55 63514
   56 63317
   57 82222
   58 52132
   59 71042
   60 72721
   61 34315
   62 21446
   63 13725
   64 35704
   65 61148
   66 71247
   67 84613
   68 61929
   69 93227
   70 83031
   71 11357
   72 74718
   73 43831
   74 84124
   75 56504
   76 55119
   77 70367
   78 80461
   79 22057
   80 93927
   81 66807
   82 37400
   83 73541
   84 81857
   85 80670
   86 16915
   87 95028
   88 22264
   89 54831
   90 21955
   91 20682
   92 71966
   93 26526
   94 85629
   95 78305
   96 72861
   97 15838
   98 53261
   99 53460
  100 30295
  101 78904
  102 83757
  103 44949
  104 39308
  105 48714
  106 70890
  107 43766
  108 25249
  109 45649
  110 32087
  111 60982
  112 64264
  113 83669
  114 34849
  115 68227
  116 51596
  117 63274
  118 73576
  119 27245
  120 62490
  121 13485
  122 84564
  123 96153
  124 92391
  125 47640
  126 39316
  127 97642
  128 70462
  129 86155
  130 72499
  131 74282
  132 85060
  133 89331
  134 95754
  135 83790
  136 27757
  137 98146
  138 64686
  139 54292
  140 38646
  141 25980
  142 77263
  143 99935
  144 44495
  145 56674
  146 65188
  147 46820
  148 86644
  149 63999
  150 64796
  151 99844
  152 88925
  153 31778
  154 37575
  155 47774
  156 88038
  157 99226
  158 95679
  159 85595
  160 88765
  161 88612
  162 25946
  163 85743
  164 88472
  165 24626
  166 23896
  167 58379
  168 86495
  169 18380
  170 47932
  171 37989
  172 49078
  173 47762
  174 37497
  175 99670
  176 49577
  177 78684
  178 14145
  179 19875
  180 94497
  181 37994
  182 69724
  183 53489
  184 89963
  185 88182
  186 89974
  187 99979
  188 47518
  189 84347
  190 99388
  191 18575
  192 16695
  193 42276
  194 64305
  195 85838
  196 79297
  197 19997
  198 45287
  199 76077
  200 95446
  201 39771
  202 25491
  203 63670
  204 85253
  205 36285
  206 77396
  207 46151
  208 25497
  209 81199
  210 92783
  211 44274
  212 72490
  213 26803
  214 26160
  215 57247
  216 36989
  217 30866
  218 89659
  219 72844
  220 46398
  221 17392
  222 20377
  223 96905
  224 56118
  225 62356
  226 33845
  227 59473
  228 70279
  229 24443
  230 75825
  231 88880
  232 57611
  233 84045
  234 88402
  235 99936
  236 72465
  237 24055
  238 46677
  239 54747
  240 29948
  241 39453
  242 89251
  243 75590
  244 40991
  245 65049
  246 87127
  247 56388
  248 61488
  249 11296
  250 72811
  251 60437
  252 31332
  253 89510
  254 50441
  255 28627
  256 68822
  257 33812
  258 19027
  259 39224
  260 65559
  261 14610
  262 14081
  263 53321
  264 42630
  265 24875
  266 39132
  267 15705
  268 18195
  269 53228
  270 61050
  271 69926
  272 95801
  273 80754
  274 84319
  275 68049
  276 28697
  277 96959
  278 71750
  279 25023
  280 67460
  281 79737
  282 92544
  283 57301
  284 95219
  285 57169
  286 63739
  287 55028
  288 75126
  289 81265
  290 65426
  291 73347
  292 70378
  293 47871
  294 17875
  295 25598
  296 26030
  297 52563
  298 16825
  299 62663
  300 16297
  301 43261
  302 96920
  303 67716
  304 18712
  305 88607
  306 25743
  307 60295
  308 68513
  309 74256
  310 53170
  311 59274
  312 68779
  313 46639
  314 72101
  315 63669
  316 19778
  317 71096
  318 45852
  319 16549
  320 39186
  321 78292
  322 79021
  323 62291
  324 82983
  325 97834
  326 77045
  327 38634
  328 46852
  329 44477
  330 30537
  331 67744
  332 14879
  333 69790
  334 99095
  335 34403
  336 59334
  337 67057
  338 24488
  339 96363
  340 36865
  341 46667
  342 72525
  343 42628
  344 44114
  345 97062
  346 13624
  347 59939
  348 45207
  349 82531
  350 65288
  351 41052
  352 11452
  353 38462
  354 65589
  355 36700
  356 11159
  357 93231
  358 55792
  359 28172
  360 73038
  361 53140
  362 91751
  363 42846
  364 86308
  365 56906
  366 11961
  367 31069
  368 14339
  369 95997
  370 47704
  371 27095
  372 97386
  373 64042
  374 93743
  375 55926
  376 61273
  377 41474
  378 95331
  379 74047
  380 76721
  381 67911
  382 98188
  383 29204
  384 52866
  385 71479
  386 48908
  387 14556
  388 56137
  389 56138
  390 50298
  391 12877
  392 25055
  393 48069
  394 82576
  395 18326
  396 39297
  397 97429
  398 89591
  399 94164
  400 22489
  401 90998
  402 81891
  403 65161
  404 86546
  405 79914
  406 65857
  407 27248
  408 56404
  409 59029
  410 46160
  411 54081
  412 26560
  413 28640
  414 19335
  415 53590
  416 29831
  417 10922
  418 65671
  419 61711
  420 78642
  421 92205
  422 48053
  423 62309
  424 57757
  425 11623
  426 66471
  427 14596
  428 15488
  429 46971
  430 35686
  431 71722
  432 13313
  433 45193
  434 15593
  435 35592
  436 81627
  437 89252
  438 74105
  439 67276
  440 14608
  441 78366
  442 53220
  443 84802
  444 96288
  445 99259
  446 90646
  447 82232
  448 15804
  449 63721
  450 41942
  451 80355
  452 12244
  453 45212
  454 36105
  455 78479
  456 10070
  457 85905
  458 31852
  459 21062
  460 57892
  461 93433
  462 51161
  463 45519
  464 81259
  465 66212
  466 20772
  467 72946
  468 57503
  469 89779
  470 83938
  471 37310
  472 26124
  473 65131
  474 84239
  475 74736
  476 60976
  477 48602
  478 65136
  479 32962
  480 76226
  481 95532
  482 14056
  483 48311
  484 97020
  485 96922
  486 82766
  487 45939
  488 63166
  489 98906
  490 14757
  491 88810
  492 78911
  493 82080
  494 89110
  495 42383
  496 68817
  497 28723
  498 38327
  499 54960
  500 82038
  501 99710
  502 52092
  503 55063
  504 19622
  505 54471
  506 34177
  507 92291
  508 92306
  509 67246
  510 82592
  511 74277
  512 91999
  513 92693
  514 67944
  515 73885
  516 27554
  517 73392
  518 95569
  519 65969
  520 67356
  521 89434
  522 55676
  523 28749
  524 63895
  525 80615
  526 74787
  527 64888
  528 54197
  529 64494
  530 95383
  531 28064
  532 87861
  533 14899
  534 87665
  535 51509
  536 20226
  537 69056
  538 15597
  539 56782
  540 27974
  541 63629
  542 87970
  543 13016
  544 12512
  545 88171
  546 33106
  547 51917
  548 36496
  549 46496
  550 52712
  551 51327
  552 47291
  553 13412
  554 58678
  555 58877
  556 73013
  557 63015
  558 93706
  559 34604
  560 25101
  561 43016
  562 57894
  563 78685
  564 14314
  565 12137
  566 88093
  567 18992
  568 85040
  569 70947
  570 68990
  571 22241
  572 32439
  573 31747
  574 71843
  575 91743
  576 10168
  577 15119
  578 54324
  579 91945
  580 14033
  581 26122
  582 55615
  583 21065
  584 87000
  585 55024
  586 35522
  587 12456
  588 36910
  589 64172
  590 45931
  591 76909
  592 18005
  593 12561
  594 11869
  595 52658
  596 67410
  597 13852
  598 35138
  599 86025
  600 40288
  601 91948
  602 65832
  603 48508
  604 48014
  605 29700
  606 23761
  607 54587
  608 53077
  609 88807
  610 58514
  611 15252
  612 16738
  613 39212
  614 32184
  615 77933
  616 47036
  617 98319
  618 71689
  619 55454
  620 25953
  621 97640
  622 69317
  623 88857
  624 67042
  625 71498
  626 18831
  627 37147
  628 18734
  629 79729
  630 37541
  631 88631
  632 23985
  633 96761
  634 59726
  635 52698
  636 17950
  637 60067
  638 62898
  639 33397
  640 45476
  641 35181
  642 44983
  643 35876
  644 37758
  645 97932
  646 56254
  647 95459
  648 88945
  649 37377
  650 65187
  651 68950
  652 97166
  653 84198
  654 26349
  655 17870
  656 37968
  657 48067
  658 86579
  659 69750
  660 89155
  661 54932
  662 47360
  663 28006
  664 96733
  665 37284
  666 86983
  667 11204
  668 90405
  669 66295
  670 78572
  671 27786
  672 56497
  673 44995
  674 41505
  675 85884
  676 99368
  677 93143
  678 29872
  679 17597
  680 61410
  681 87988
  682 26883
  683 51513
  684 98693
  685 22999
  686 48888
  687 79659
  688 62903
  689 51024
  690 32314
  691 22925
  692 22416
  693 66395
  694 31427
  695 82314
  696 78895
  697 53012
  698 49890
  699 24205
  700 51629
  701 52026
  702 42127
  703 43514
  704 44109
  705 39898
  706 91928
  707 51636
  708 82624
  709 82724
  710 44873
  711 54685
  712 39466
  713 90549
  714 80056
  715 41150
  716 83424
  717 34321
  718 73427
  719 24621
  720 93328
  721 24821
  722 35217
  723 53632
  724 36902
  725 71454
  726 16510
  727 33044
  728 23442
  729 35497
  730 66509
  731 41661
  732 92746
  733 64631
  734 27408
  735 46912
  736 77603
  737 12066
  738 95722
  739 33947
  740 93150
  741 25930
  742 24446
  743 34446
  744 93253
  745 29418
  746 39959
  747 32470
  748 35045
  749 72963
  750 34948
  751 14060
  752 13071
  753 35248
  754 93659
  755 28815
  756 45646
  757 42578
  758 51588
  759 81190
  760 31810
  761 82083
  762 19417
  763 36743
  764 47139
  765 
  766 15327
  767 98028
  768 36847
  769 12395
  770 59520
  771 49819
  772 54176
  773 11275
  774 63469
  775 84473
  776 84800
  777 67348
  778 47252
  779 94674
  780 86557
  781 76000
  782 74283
  783 98935
  784 77849
  785 33399
  786 51581
  787 26075
  788 75972
  789 31155
  790 54619
  791 58947
  792 54493
  793 59246
  794 97164
  795 78454
  796 49611
  797 52652
  798 32882
  799 25394
  800 17574
  801 96082
  802 42163
  803 78165
  804 57772
  805 78563
  806 44933
  807 72843
  808 99554
  809 59658
  810 18871
  811 38078
  812 88272
  813 27586
  814 17192
  815 77880
  816 92964
  817 38713
  818 80288
  819 39833
  820 96992
  821 48221
  822 83955
  823 58583
  824 22215
  825 75905
  826 75975
  827 29976
  828 68488
  829 50732
  830 39518
  831 14868
  832 12620
  833 71922
  834 91713
  835 40012
  836 
  837 84400
  838 58499
  839 31734
  840 59689
  841 69095
  842 95762
  843 42420
  844 90892
  845 59397
  846 79198
  847 32896
  848 63819
  849 44812
  850 26750
  851 15114
  852 94414
  853 80951
  854 10662
  855 33730
  856 50066
  857 81020
  858 90327
  859 70131
  860 64425
  861 83434
  862 53933
  863 91817
  864 90432
  865 93140
  866 40835
  867 42618
  868 13547
  869 34700
  870 13450
  871 66901
  872 26015
  873 62745
  874 24902
  875 46026
  876 91137
  877 28972
  878 45633
  879 27690
  880 69955
  881 33449
  882 84807
  883 87515
  884 84512
  885 21846
  886 22441
  887 32738
  888 77719
  889 50857
  890 61649
  891 80098
  892 84059
  893 32546
  894 16608
  895 81751
  896 60962
  897 10077
  898 92381
  899 34928
  900 94230
  901 14734
  902 95618
  903 19720
  904 61663
  905 22361
  906 42483
  907 42484
  908 96119
  909 55332
  910 58040
  911 88400
  912 74442
  913 65731
  914 88526
  915 33790
  916 37642
  917 42569
  918 21780
  919 83209
  920 85538
  921 90885
  922 14161
  923 39035
  924 62325
  925 85939
  926 54755
  927 24807
  928 96634
  929 75384
  930 41592
  931 44662
  932 86738
  933 21348
  934 77923
  935 89537
  936 14769
  937 96049
  938 35957
  939 49357
  940 25267
  941 95408
  942 
  943 95113
  944 56159
  945 51258
  946 62794
  947 17453
  948 99658
  949 66559
  950 24038
  951 17556
  952 17755
  953 92699
  954 86586
  955 66662
  956 39341
  957 66072
  958 89461
  959 56707
  960 92417
  961 47860
  962 29942
  963 40643
  964 28754
  965 
  966 45101
  967 83029
  968 60260
  969 48858
  970 78460
  971 82142
  972 38169
  973 28468
  974 62078
  975 25197
  976 75019
  977 71783
  978 71457
  979 35947
  980 16892
  981 21366
  982 57187
  983 58325
  984 16797
  985 25111
  986 21341
  987 47538
  988 13978
  989 61499
  990 32097
  991 75519
  992 76997
  993 52068
  994 69374
  995 37745
  996 48786
  997 63556
  998 14027
  999 84378
