    0 
    1 
    2 
    3 
    4 
    5 
    6 
    7 [30103]
    8 
    9 [80001]
   10 
   11 [80300]
   12 [11100]
   13 [40207]
   14 
   15 
   16 [50803, 90403, 40012]
   17 [30707, 40310, 11204]
   18 [90405]
   19 [91000]
   20 [70805]
   21 [80112]
   22 
   23 [81005]
   24 [51306, 41505]
   25 [70810, 11311]
   26 
   27 [21411, 41805]
   28 [41212, 40915, 20818]
   29 [42500, 72101, 51509, 80615]
   30 [20226, 61410]
   31 [82102, 31810]
   32 [10922]
   33 [51513]
   34 [51514, 82006, 61711]
   35 
   36 [12609, 30924, 72900, 92205, 21222]
   37 
   38 [43301, 90623, 62309, 12512, 62903, 81020, 92306]
   39 [42609, 40629, 51024, 90327, 22215, 91713, 70131]
   40 [11623, 33106, 32314]
   41 [51917]
   42 [71718, 22416]
   43 
   44 [33308, 52712, 31427, 91817, 50732]
   45 [50535, 90729, 30537, 51327, 82314, 90432]
   46 [72811, 71722]
   47 [73703, 10244, 23213, 60437, 13313, 13412, 53012, 40835, 13016, 12620]
   48 [44004, 31332, 42618, 71922, 42420]
   49 [30937, 24205, 83209]
   50 [80834, 50441, 34403, 73013, 51629, 34700, 92417, 43016, 41333]
   51 [12129, 81627, 63015, 52026]
   52 [82222, 93706, 42127, 84400]
   53 [33812, 74105, 34604, 43514, 40643, 24902]
   54 [62127, 61929, 64305, 25101, 44109, 31734, 62325]
   55 [63514, 72721, 14608]
   56 [63317, 91928, 21341, 45101, 84800, 22925]
   57 [14610, 72525, 53220, 51636, 91137, 24807]
   58 [52132, 42628, 84802, 14314, 82624]
   59 [71042, 53321, 44114, 12137, 82724]
   60 [42630]
   61 [34315, 13624, 90646]
   62 [21446, 82232]
   63 [13725, 15705, 45207, 15804, 70947, 90549, 84807, 63819, 21348]
   64 [35704, 82531, 63721, 80056, 44812, 25111]
   65 [61148, 53228, 41942, 22241, 41150, 84512]
   66 [71247, 61050, 41052, 80355, 32439, 83424, 21846, 15114, 82038]
   67 [84613, 11452, 12244, 31747, 34321, 22441, 94414, 83029, 76000]
   68 [93227, 95801, 45212, 71843, 73427, 32738, 80951, 60260, 14027]
   69 [83031, 80754, 36105, 91743, 24621, 10662, 31155]
   70 [84319, 36700, 10168, 93328, 50857, 33730, 54619]
   71 [11357, 11159, 10070, 15119, 24821, 61649, 50066, 63629, 95408, 82142, 75905]
   72 [74718, 93231, 85905, 54324, 35217]
   73 [43831, 84124, 80461, 70462, 26803, 31852, 91945, 53632, 95113, 56404, 60067]
   74 [56504, 24626, 71750, 21062, 14033, 36902, 32546]
   75 [55119, 93927, 25023, 73038, 71454, 16608, 64425, 51258]
   76 [21955, 53140, 93433, 55615, 16510, 81751, 83434, 66901, 75019, 91948]
   77 [70367, 37400, 30866, 91751, 51161, 21065, 33044, 60962, 53933, 26015]
   78 [92544, 42846, 45519, 87000, 23442, 10077, 62745, 71457, 20274, 72843]
   79 [22057, 72844, 57301, 86308, 81259, 55024, 55123, 56707]
   80 [95219, 56906, 66212, 35522, 66509, 34928, 93140, 24038]
   81 [66807, 11961, 20772, 12456, 41661, 94230, 21366, 15327, 75519]
   82 [20377, 63739, 31069, 72946, 36910, 92746, 14734]
   83 [73541, 81857, 96905, 55028, 14339, 57503, 64631, 95618, 13547, 52652, 93143]
   84 [80670, 54831, 56118, 75126, 27408]
   85 [16915, 62356, 81265, 47704, 83938, 76909, 46912, 61663, 26122, 13450]
   86 [33845, 65426, 37310, 18005, 77603, 22361, 33449, 54932, 44933]
   87 [95028, 14145, 73347, 26124, 12561, 12066]
   88 [22264, 70279, 70378, 64042, 65131, 11869, 95722, 42163, 11275, 28006]
   89 [24443, 93743, 84239, 52658, 33947, 96119]
   90 [20682, 75825, 55926, 74736, 67410, 93150, 55332, 46026]
   91 [61273, 60976, 13852, 25930]
   92 [71966, 46820, 57611, 26030, 41474, 48602, 35138, 24446, 88400]
   93 [26526, 85629, 84045, 52563, 95331, 65136, 86025, 34446, 74442, 45633, 52068]
   94 [88402, 16825, 74047, 32962, 40288, 93253, 65731, 45931]
   95 [78305, 62663, 76721, 76226]
   96 [72861, 72465, 67911, 95532, 65832]
   97 [15838, 60982, 47518, 24055, 43261, 14056, 48508, 32470, 63556]
   98 [53261, 31778, 84347, 96920, 29204, 48311, 48014, 35045, 42569, 87515, 85040, 80288]
   99 [53460, 54747, 67716, 52866, 97020, 29700, 72963, 21780]
  100 [30295, 78904, 34849, 18712, 71479, 96922, 23761, 34948]
  101 [88607, 48908, 82766, 14060, 85538, 83756, 51581]
  102 [83757, 44949, 42276, 25743, 14556, 45939, 13071, 90885, 92964, 83955]
  103 [25249, 60295, 56137, 63166, 88807, 35248, 14161, 77719, 38713]
  104 [39308, 85838, 40991, 68513, 56138, 98906, 58514, 93659, 62078]
  105 [48714, 70890, 65049, 74256, 50298, 14757, 15252, 28815]
  106 [88612, 87127, 53170, 12877, 88810, 16738, 45646, 85939, 80098]
  107 [43766, 25946, 25055, 78911, 39212, 42578, 54755, 84059, 71783, 48221]
  108 [85743, 61488, 82080, 32184, 51588]
  109 [45649, 95446, 11296, 46639, 82576, 89110, 81190, 96634, 35947, 96733, 63469, 77923, 90892]
  110 [32087, 18326, 42383, 47036]
  111 [63669, 68817, 98319, 82083, 41592, 42483, 49611]
  112 [64264, 63274, 39316, 63670, 97429, 28723, 71689, 19417, 44662, 53077, 42484, 75946]
  113 [83669, 85253, 89510, 71096, 38327, 55454, 36743, 86738, 92381, 58325, 32882]
  114 [45852, 94164, 54960, 25953, 47139, 26349, 29418]
  115 [68227, 47932, 28627, 16549, 22489]
  116 [51596, 46151, 68822, 90998, 99710, 69317, 39518]
  117 [84564, 81891, 52092, 98028, 14769, 47538, 14868]
  118 [73576, 85060, 86644, 81199, 19027, 79021, 65161, 55063, 67042, 36847, 96049, 19720, 13978]
  119 [27245, 92783, 39224, 62291, 86546, 19622, 71498, 12395, 35957, 77933, 64172, 61499, 88526, 37541, 26750]
  120 [62490, 13485, 47640, 95754, 44274, 65559, 82983, 79914, 54471, 18831, 59520, 32097, 97932]
  121 [72490, 97834, 65857, 34177, 37147, 49819, 25267, 37642, 56254]
  122 [88925, 14081, 77045, 27248, 92291, 18734, 54176, 95459]
  123 [96153, 92391, 26160, 38634]
  124 [86155, 57247, 46852, 59029, 67246]
  125 [24875, 44477, 46160, 82592, 88631, 84473, 56159, 97640, 58040, 37745, 44873]
  126 [88038, 39132, 54081, 74277, 23985, 63486]
  127 [97642, 99226, 69724, 67744, 26560, 91999, 67348, 62794, 32896]
  128 [53489, 14879, 28640, 92693, 59726, 47252, 17453, 39035, 95762]
  129 [19335, 67944, 52698, 94674, 84378]
  130 [72499, 53590, 73885, 17950, 86557, 66559, 33790, 57946, 22999]
  131 [74282, 69926, 29831, 27554]
  132 [89331, 59334, 73392, 62898, 74283, 17556, 16170]
  133 [67057, 65671, 95569, 33397, 98935, 17755, 79729, 35179]
  134 [24488, 65969, 45476, 77849, 92699, 39833, 66662]
  135 [83790, 38646, 68049, 96363, 78642, 67356, 35181, 33399]
  136 [27757, 98146, 23896, 36865, 89434, 44983, 64882, 54685]
  137 [96959, 46667, 48053, 55676, 35876, 26075, 39341, 96761, 54587, 47360]
  138 [64686, 28749, 37758, 75972, 66072]
  139 [54292, 57757, 63895]
  140 [67460, 89537]
  141 [25980, 79737, 97062, 66471, 74787, 58947, 75975]
  142 [77263, 14596, 64888, 88945, 54493, 47860]
  143 [99935, 44495, 47762, 45287, 59939, 15488, 54197, 59246, 29942, 28754]
  144 [63999, 95679, 76077, 99936, 46971, 64494, 65187, 97164, 75384]
  145 [56674, 65188, 57169, 35686, 95383, 68950, 78454, 65782, 88948]
  146 [65288, 28064, 97166]
  147 [25491, 46677, 87861, 84198]
  148 [45193, 14899, 44995]
  149 [64796, 29948, 38462, 15593, 87665, 17870, 25394]
  150 [94497, 36285, 39453, 65589, 35592, 37968, 17574, 48858, 85884, 25197]
  151 [99844, 89251, 48067, 96082, 78460]
  152 [75590, 89252, 69056, 86579]
  153 [37575, 25497, 47871, 15597, 69750, 78165, 38169, 48069, 37377, 88857, 26883]
  154 [17875, 55792, 67276, 56782, 89155, 57772, 28468, 49357, 35497]
  155 [47774, 25598, 28172, 27974, 78563]
  156 [56388, 78366]
  157 [87970]
  158 [85595, 99554]
  159 [96288, 37284, 59658, 86586]
  160 [88765, 16297, 99259, 88171, 86983, 18871, 69955]
  161 [18575, 36989, 38078, 16892, 39959]
  162 [16695, 88272, 79659]
  163 [89659, 36496, 66295, 27586, 57187, 99658, 89461, 28972, 39466]
  164 [88472, 18380, 46496, 78572, 17192, 66395]
  165 [46398, 95997, 27786, 77880, 16797]
  166 [17392, 56497]
  167 [58379, 86495, 27095, 47291]
  168 [97386, 27690]
  169 [58678, 39274]
  170 [89963, 78479, 58877, 99368, 96992]
  171 [37989, 88182, 39771, 59274]
  172 [49078, 59473, 68779, 29872]
  173 [17597, 58583, 76997, 69374]
  174 [37497, 19875]
  175 [99670, 57892, 87988]
  176 [49577, 37994, 77396, 88880, 19778]
  177 [78684, 18195, 57894, 29976, 48786]
  178 [98188, 78685, 68488]
  179 
  180 [39186, 48888]
  181 [89974, 78292, 88093]
  182 [18992]
  183 
  184 [89779]
  185 [28697, 68990]
  186 
  187 [99979]
  188 [58499, 98693]
  189 
  190 [99388, 78895, 59689]
  191 [69095, 59195]
  192 [39297, 49890]
  193 [69790]
  194 [99095, 89591]
  195 [59397, 69396]
  196 [79297, 79198]
  197 [19997]
  198 
  199 [39898]
  200 
  201 
  202 
  203 
  204 
  205 
  206 
  207 
  208 
  209 
  210 
  211 
  212 
  213 
  214 
  215 
  216 
  217 
  218 
  219 
  220 
  221 
  222 
  223 
  224 
  225 
  226 
  227 
  228 
  229 
  230 
  231 
  232 
  233 
  234 
  235 
  236 
  237 
  238 
  239 
  240 
  241 
  242 
  243 
  244 
  245 
  246 
  247 
  248 
  249 
  250 
  251 
  252 
  253 
  254 
  255 
  256 
  257 
  258 
  259 
  260 
  261 
  262 
  263 
  264 
  265 
  266 
  267 
  268 
  269 
  270 
  271 
  272 
  273 
  274 
  275 
  276 
  277 
  278 
  279 
  280 
  281 
  282 
  283 
  284 
  285 
  286 
  287 
  288 
  289 
  290 
  291 
  292 
  293 
  294 
  295 
  296 
  297 
  298 
  299 
  300 
  301 
  302 
  303 
  304 
  305 
  306 
  307 
  308 
  309 
  310 
  311 
  312 
  313 
  314 
  315 
  316 
  317 
  318 
  319 
  320 
  321 
  322 
  323 
  324 
  325 
  326 
  327 
  328 
  329 
  330 
  331 
  332 
  333 
  334 
  335 
  336 
  337 
  338 
  339 
  340 
  341 
  342 
  343 
  344 
  345 
  346 
  347 
  348 
  349 
  350 
  351 
  352 
  353 
  354 
  355 
  356 
  357 
  358 
  359 
  360 
  361 
  362 
  363 
  364 
  365 
  366 
  367 
  368 
  369 
  370 
  371 
  372 
  373 
  374 
  375 
  376 
  377 
  378 
  379 
  380 
  381 
  382 
  383 
  384 
  385 
  386 
  387 
  388 
  389 
  390 
  391 
  392 
  393 
  394 
  395 
  396 
  397 
  398 
  399 
  400 
  401 
  402 
  403 
  404 
  405 
  406 
  407 
  408 
  409 
  410 
  411 
  412 
  413 
  414 
  415 
  416 
  417 
  418 
  419 
  420 
  421 
  422 
  423 
  424 
  425 
  426 
  427 
  428 
  429 
  430 
  431 
  432 
  433 
  434 
  435 
  436 
  437 
  438 
  439 
  440 
  441 
  442 
  443 
  444 
  445 
  446 
  447 
  448 
  449 
  450 
  451 
  452 
  453 
  454 
  455 
  456 
  457 
  458 
  459 
  460 
  461 
  462 
  463 
  464 
  465 
  466 
  467 
  468 
  469 
  470 
  471 
  472 
  473 
  474 
  475 
  476 
  477 
  478 
  479 
  480 
  481 
  482 
  483 
  484 
  485 
  486 
  487 
  488 
  489 
  490 
  491 
  492 
  493 
  494 
  495 
  496 
  497 
  498 
  499 
  500 
  501 
  502 
  503 
  504 
  505 
  506 
  507 
  508 
  509 
  510 
  511 
  512 
  513 
  514 
  515 
  516 
  517 
  518 
  519 
  520 
  521 
  522 
  523 
  524 
  525 
  526 
  527 
  528 
  529 
  530 
  531 
  532 
  533 
  534 
  535 
  536 
  537 
  538 
  539 
  540 
  541 
  542 
  543 
  544 
  545 
  546 
  547 
  548 
  549 
  550 
  551 
  552 
  553 
  554 
  555 
  556 
  557 
  558 
  559 
  560 
  561 
  562 
  563 
  564 
  565 
  566 
  567 
  568 
  569 
  570 
  571 
  572 
  573 
  574 
  575 
  576 
  577 
  578 
  579 
  580 
  581 
  582 
  583 
  584 
  585 
  586 
  587 
  588 
  589 
  590 
  591 
  592 
  593 
  594 
  595 
  596 
  597 
  598 
  599 
  600 
  601 
  602 
  603 
  604 
  605 
  606 
  607 
  608 
  609 
  610 
  611 
  612 
  613 
  614 
  615 
  616 
  617 
  618 
  619 
  620 
  621 
  622 
  623 
  624 
  625 
  626 
  627 
  628 
  629 
  630 
  631 
  632 
  633 
  634 
  635 
  636 
  637 
  638 
  639 
  640 
  641 
  642 
  643 
  644 
  645 
  646 
  647 
  648 
  649 
  650 
  651 
  652 
  653 
  654 
  655 
  656 
  657 
  658 
  659 
  660 
  661 
  662 
  663 
  664 
  665 
  666 
  667 
  668 
  669 
  670 
  671 
  672 
  673 
  674 
  675 
  676 
  677 
  678 
  679 
  680 
  681 
  682 
  683 
  684 
  685 
  686 
  687 
  688 
  689 
  690 
  691 
  692 
  693 
  694 
  695 
  696 
  697 
  698 
  699 
  700 
  701 
  702 
  703 
  704 
  705 
  706 
  707 
  708 
  709 
  710 
  711 
  712 
  713 
  714 
  715 
  716 
  717 
  718 
  719 
  720 
  721 
  722 
  723 
  724 
  725 
  726 
  727 
  728 
  729 
  730 
  731 
  732 
  733 
  734 
  735 
  736 
  737 
  738 
  739 
  740 
  741 
  742 
  743 
  744 
  745 
  746 
  747 
  748 
  749 
  750 
  751 
  752 
  753 
  754 
  755 
  756 
  757 
  758 
  759 
  760 
  761 
  762 
  763 
  764 
  765 
  766 
  767 
  768 
  769 
  770 
  771 
  772 
  773 
  774 
  775 
  776 
  777 
  778 
  779 
  780 
  781 
  782 
  783 
  784 
  785 
  786 
  787 
  788 
  789 
  790 
  791 
  792 
  793 
  794 
  795 
  796 
  797 
  798 
  799 
  800 
  801 
  802 
  803 
  804 
  805 
  806 
  807 
  808 
  809 
  810 
  811 
  812 
  813 
  814 
  815 
  816 
  817 
  818 
  819 
  820 
  821 
  822 
  823 
  824 
  825 
  826 
  827 
  828 
  829 
  830 
  831 
  832 
  833 
  834 
  835 
  836 
  837 
  838 
  839 
  840 
  841 
  842 
  843 
  844 
  845 
  846 
  847 
  848 
  849 
  850 
  851 
  852 
  853 
  854 
  855 
  856 
  857 
  858 
  859 
  860 
  861 
  862 
  863 
  864 
  865 
  866 
  867 
  868 
  869 
  870 
  871 
  872 
  873 
  874 
  875 
  876 
  877 
  878 
  879 
  880 
  881 
  882 
  883 
  884 
  885 
  886 
  887 
  888 
  889 
  890 
  891 
  892 
  893 
  894 
  895 
  896 
  897 
  898 
  899 
  900 
  901 
  902 
  903 
  904 
  905 
  906 
  907 
  908 
  909 
  910 
  911 
  912 
  913 
  914 
  915 
  916 
  917 
  918 
  919 
  920 
  921 
  922 
  923 
  924 
  925 
  926 
  927 
  928 
  929 
  930 
  931 
  932 
  933 
  934 
  935 
  936 
  937 
  938 
  939 
  940 
  941 
  942 
  943 
  944 
  945 
  946 
  947 
  948 
  949 
  950 
  951 
  952 
  953 
  954 
  955 
  956 
  957 
  958 
  959 
  960 
  961 
  962 
  963 
  964 
  965 
  966 
  967 
  968 
  969 
  970 
  971 
  972 
  973 
  974 
  975 
  976 
  977 
  978 
  979 
  980 
  981 
  982 
  983 
  984 
  985 
  986 
  987 
  988 
  989 
  990 
  991 
  992 
  993 
  994 
  995 
  996 
  997 
  998 
  999 
