    0 19997
    1 29872
    2 61499
    3 94230
    4 42276
    5 35876
    6 57757
    7 54755
    8 73541
    9 23213
   10 28627
   11 44995
   12 52698
   13 74256
   14 69095
   15 87988
   16 60437
   17 72963
   18 37994
   19 56118
   20 39833
   21 60962
   22 73703
   23 42483
   24 83669
   25 92544
   26 60982
   27 95219
   28 12129
   29 44004
   30 37310
   31 21062
   32 82142
   33 95532
   34 88038
   35 67410
   36 47252
   37 62745
   38 89331
   39 82531
   40 18005
   41 18992
   42 47871
   43 55926
   44 74105
   45 91948
   46 54747
   47 54471
   48 16549
   49 67246
   50 37147
   51 35522
   52 69724
   53 93706
   54 43831
   55 43766
   56 59726
   57 77849
   58 46639
   59 40991
   60 40310
   61 44873
   62 88810
   63 69056
   64 85629
   65 12066
   66 79198
   67 93328
   68 74047
   69 38169
   70 65782
   71 79659
   72 88765
   73 82232
   74 74282
   75 34446
   76 55332
   77 42163
   78 50803
   79 49819
   80 36285
   81 26160
   82 86495
   83 87127
   84 79737
   85 18712
   86 48602
   87 24038
   88 37989
   89 36989
   90 25267
   91 33730
   92 63629
   93 92291
   94 46160
   95 45476
   96 95408
   97 59246
   98 41474
   99 80056
  100 16825
  101 16297
  102 86155
  103 89155
  104 66072
  105 36700
  106 92699
  107 77719
  108 48908
  109 82314
  110 16695
  111 10070
  112 39898
  113 48014
  114 28172
  115 22441
  116 99388
  117 56137
  118 64888
  119 14868
  120 37642
  121 53012
  122 83790
  123 37758
  124 67057
  125 21341
  126 98319
  127 47291
  128 75519
  129 32439
  130 39297
  131 75384
  132 81020
  133 88526
  134 63469
  135 66662
  136 53077
  137 94414
  138 55063
  139 46026
  140 15705
  141 19417
  142 57611
  143 84347
  144 14596
  145 18831
  146 47860
  147 48786
  148 45649
  149 96905
  150 82038
  151 83955
  152 77603
  153 59473
  154 21411
  155 71722
  156 54292
  157 90646
  158 70805
  159 39186
  160 35045
  161 10077
  162 98146
  163 99226
  164 18871
  165 44812
  166 63015
  167 89110
  168 27586
  169 95722
  170 20682
  171 34315
  172 21348
  173 27974
  174 69790
  175 91713
  176 93253
  177 59658
  178 81891
  179 82576
  180 12137
  181 97164
  182 71454
  183 62903
  184 73347
  185 40012
  186 95754
  187 95618
  188 14033
  189 22241
  190 25055
  191 24055
  192 88925
  193 84800
  194 68950
  195 41942
  196 93433
  197 64172
  198 62898
  199 17574
  200 37400
  201 15597
  202 72499
  203 71498
  204 29942
  205 17597
  206 
  207 81190
  208 73576
  209 72101
  210 12395
  211 84400
  212 88612
  213 79021
  214 42484
  215 85884
  216 52712
  217 96288
  218 26803
  219 84059
  220 31332
  221 77923
  222 71096
  223 42383
  224 32546
  225 24807
  226 55615
  227 56254
  228 57169
  229 29204
  230 45287
  231 19335
  232 26883
  233 11204
  234 70810
  235 44662
  236 53220
  237 78454
  238 44109
  239 61649
  240 35592
  241 41592
  242 54831
  243 63166
  244 10662
  245 27786
  246 95383
  247 64631
  248 27248
  249 28749
  250 19875
  251 17875
  252 68049
  253 13624
  254 21446
  255 26526
  256 44933
  257 47538
  258 96922
  259 38646
  260 20377
  261 15252
  262 73038
  263 65731
  264 24875
  265 37377
  266 96363
  267 99259
  268 10244
  269 42628
  270 26015
  271 96634
  272 83757
  273 12244
  274 72490
  275 12620
  276 96153
  277 99844
  278 25743
  279 14879
  280 26560
  281 95028
  282 31734
  283 36743
  284 46151
  285 66212
  286 25111
  287 27554
  288 92381
  289 29976
  290 53140
  291 17755
  292 64796
  293 51596
  294 29831
  295 80288
  296 58947
  297 53321
  298 63999
  299 82724
  300 20772
  301 39274
  302 28064
  303 35248
  304 29700
  305 39341
  306 63721
  307 16608
  308 97932
  309 42846
  310 27095
  311 36902
  312 99936
  313 66509
  314 85743
  315 91743
  316 53460
  317 98188
  318 99670
  319 73427
  320 27757
  321 14757
  322 88607
  323 24821
  324 72465
  325 43016
  326 75019
  327 38713
  328 48053
  329 48069
  330 32962
  331 50857
  332 89252
  333 79729
  334 89963
  335 89659
  336 59520
  337 57946
  338 91751
  339 44114
  340 25980
  341 36105
  342 68488
  343 81751
  344 82624
  345 18326
  346 99658
  347 55676
  348 34849
  349 54324
  350 37575
  351 18575
  352 82592
  353 25953
  354 82983
  355 86983
  356 64305
  357 32314
  358 48714
  359 78911
  360 39035
  361 52026
  362 95762
  363 52658
  364 17950
  365 32470
  366 47762
  367 98028
  368 59029
  369 37745
  370 13071
  371 27690
  372 67911
  373 87665
  374 66807
  375 83209
  376 52652
  377 48858
  378 57894
  379 96082
  380 75905
  381 56707
  382 74718
  383 70279
  384 70947
  385 34700
  386 63670
  387 71718
  388 65188
  389 34321
  390 26122
  391 60295
  392 88472
  393 53261
  394 81199
  395 12456
  396 64425
  397 65589
  398 63274
  399 59274
  400 51327
  401 24902
  402 89461
  403 25598
  404 11961
  405 72900
  406 46667
  407 64042
  408 95997
  409 14161
  410 16170
  411 54685
  412 68513
  413 95801
  414 89779
  415 78895
  416 50732
  417 91137
  418 47518
  419 25394
  420 22057
  421 21065
  422 65136
  423 92306
  424 78165
  425 65832
  426 56782
  427 53590
  428 55028
  429 15593
  430 22925
  431 16892
  432 84045
  433 28468
  434 75972
  435 74787
  436 46820
  437 13978
  438 99935
  439 98935
  440 41805
  441 17192
  442 44983
  443 97062
  444 22416
  445 84473
  446 
  447 15114
  448 44949
  449 93150
  450 11275
  451 48221
  452 86586
  453 33044
  454 71247
  455 71750
  456 90892
  457 48888
  458 72946
  459 69750
  460 14145
  461 31852
  462 93231
  463 76226
  464 66471
  465 45852
  466 50535
  467 97834
  468 61929
  469 42569
  470 45207
  471 40207
  472 67744
  473 35138
  474 70890
  475 33790
  476 52132
  477 33449
  478 80951
  479 62794
  480 95459
  481 59195
  482 54493
  483 93140
  484 82083
  485 74442
  486 95679
  487 96992
  488 22264
  489 65288
  490 13852
  491 92417
  492 62356
  493 50441
  494 70367
  495 23761
  496 59397
  497 54081
  498 97642
  499 32184
  500 37497
  501 25497
  502 80355
  503 69396
  504 43301
  505 23896
  506 71689
  507 27408
  508 67716
  509 11296
  510 44495
  511 17870
  512 40643
  513 67356
  514 42500
  515 42127
  516 95113
  517 83756
  518 93927
  519 58379
  520 11357
  521 28640
  522 37284
  523 15119
  524 38078
  525 76000
  526 49890
  527 48508
  528 40629
  529 77880
  530 35497
  531 90885
  532 88400
  533 43514
  534 70462
  535 80834
  536 58877
  537 14734
  538 92391
  539 83031
  540 18380
  541 41505
  542 65426
  543 82006
  544 73392
  545 83424
  546 57247
  547 46971
  548 30924
  549 29948
  550 21366
  551 31810
  552 88880
  553 81005
  554 25491
  555 30866
  556 52092
  557 56159
  558 63514
  559 51514
  560 33845
  561 19720
  562 97386
  563 58514
  564 85538
  565 21846
  566 29418
  567 75946
  568 39453
  569 47704
  570 32882
  571 97166
  572 81857
  573 72844
  574 75590
  575 84378
  576 58040
  577 81265
  578 24443
  579 20818
  580 41212
  581 45212
  582 78479
  583 81627
  584 73885
  585 39212
  586 65969
  587 71479
  588 56388
  589 22489
  590 39959
  591 63895
  592 91000
  593 51513
  594 71042
  595 90623
  596 92746
  597 87000
  598 25023
  599 67042
  600 16797
  601 63556
  602 80098
  603 50298
  604 78572
  605 22361
  606 48067
  607 63819
  608 72861
  609 24488
  610 18195
  611 31427
  612 78684
  613 74736
  614 66295
  615 13016
  616 54587
  617 47360
  618 31778
  619 93227
  620 32896
  621 93143
  622 15488
  623 19778
  624 90998
  625 91928
  626 92964
  627 88857
  628 53228
  629 34604
  630 16510
  631 89537
  632 78904
  633 58678
  634 55123
  635 31747
  636 49577
  637 90405
  638 52563
  639 45646
  640 24205
  641 87515
  642 64686
  643 82222
  644 78305
  645 68817
  646 61050
  647 61711
  648 34403
  649 51024
  650 33947
  651 35947
  652 91817
  653 90549
  654 35686
  655 66395
  656 55792
  657 51917
  658 78366
  659 96920
  660 11452
  661 60067
  662 77263
  663 95446
  664 88093
  665 83029
  666 93659
  667 26349
  668 99710
  669 86579
  670 28815
  671 71783
  672 48311
  673 90432
  674 17556
  675 80112
  676 23985
  677 67944
  678 89591
  679 45633
  680 13485
  681 12512
  682 80670
  683 90327
  684 67460
  685 91999
  686 93743
  687 35179
  688 80461
  689 61488
  690 23442
  691 25930
  692 80300
  693 51509
  694 33106
  695 75975
  696 62325
  697 74283
  698 46398
  699 69317
  700 32097
  701 28972
  702 86557
  703 55024
  704 85939
  705 76997
  706 94674
  707 84807
  708 12609
  709 42609
  710 58325
  711 49611
  712 76909
  713 77396
  714 66901
  715 12561
  716 69374
  717 14899
  718 99095
  719 20274
  720 35957
  721 51581
  722 72721
  723 70378
  724 65857
  725 70131
  726 62490
  727 59689
  728 35704
  729 63669
  730 40835
  731 64882
  732 91945
  733 10168
  734 86738
  735 81259
  736 92693
  737 97429
  738 53489
  739 59334
  740 35217
  741 98693
  742 62291
  743 56906
  744 24621
  745 21780
  746 88945
  747 52866
  748 25249
  749 65049
  750 19622
  751 63486
  752 62663
  753 26124
  754 24626
  755 25946
  756 65131
  757 56404
  758 71966
  759 15838
  760 27245
  761 12877
  762 47139
  763 80001
  764 82766
  765 24446
  766 65187
  767 57187
  768 56504
  769 11869
  770 74277
  771 
  772 11159
  773 14608
  774 68990
  775 78460
  776 47640
  777 49357
  778 55119
  779 64494
  780 30937
  781 33812
  782 85595
  783 88402
  784 39771
  785 61410
  786 62127
  787 99979
  788 39308
  789 33308
  790 42630
  791 69955
  792 57301
  793 46496
  794 78642
  795 84198
  796 94164
  797 51306
  798 51629
  799 67276
  800 13725
  801 33397
  802 51588
  803 58499
  804 79297
  805 39316
  806 60976
  807 80615
  808 64264
  809 84564
  810 19027
  811 14027
  812 85060
  813 59939
  814 80754
  815 25101
  816 54960
  817 46912
  818 14081
  819 55454
  820 39132
  821 36865
  822 40288
  823 14314
  824 85253
  825 25197
  826 56497
  827 53933
  828 15804
  829 61663
  830 32087
  831 38462
  832 42578
  833 57503
  834 85838
  835 36910
  836 46852
  837 87970
  838 86546
  839 89251
  840 17392
  841 26750
  842 79914
  843 56138
  844 84124
  845 84239
  846 92783
  847 54176
  848 39224
  849 78292
  850 10922
  851 26075
  852 85905
  853 67348
  854 68822
  855 13450
  856 63317
  857 33399
  858 72811
  859 75825
  860 34177
  861 41052
  862 65559
  863 16738
  864 76077
  865 77045
  866 42420
  867 96761
  868 97020
  869 42618
  870 22215
  871 14060
  872 32738
  873 38634
  874 84319
  875 28006
  876 47932
  877 95569
  878 71922
  879 37541
  880 13547
  881 54932
  882 82102
  883 71843
  884 45939
  885 39518
  886 53170
  887 68779
  888 62309
  889 36496
  890 21955
  891 78563
  892 51161
  893 65161
  894 20226
  895 14556
  896 54197
  897 51636
  898 47774
  899 44274
  900 28697
  901 96733
  902 85040
  903 28723
  904 72525
  905 41661
  906 47036
  907 14769
  908 94497
  909 13313
  910 30295
  911 38327
  912 76721
  913 73013
  914 68227
  915 15327
  916 60260
  917 66559
  918 45519
  919 45193
  920 45101
  921 
  922 88182
  923 30103
  924 86644
  925 71457
  926 84512
  927 88807
  928 37968
  929 88171
  930 14610
  931 96119
  932 88272
  933 34948
  934 83938
  935 89434
  936 46677
  937 99368
  938 14339
  939 83434
  940 39466
  941 22999
  942 97640
  943 58583
  944 86308
  945 31155
  946 50066
  947 86025
  948 61148
  949 61273
  950 36847
  951 41150
  952 92205
  953 17453
  954 35181
  955 54619
  956 57892
  957 82080
  958 63739
  959 69926
  960 44477
  961 96049
  962 89510
  963 65671
  964 90729
  965 52068
  966 96959
  967 98906
  968 31069
  969 34928
  970 16915
  971 40915
  972 75126
  973 87861
  974 90403
  975 30707
  976 95331
  977 53632
  978 49078
  979 45931
  980 30537
  981 13412
  982 84802
  983 62078
  984 84613
  985 78685
  986 99554
  987 28754
  988 18734
  989 14056
  990 26030
  991 72843
  992 77933
  993 88631
  994 89974
  995 43261
  996 57772
  997 51258
  998 56674
  999 11623
