    0 [42500, 10922, 26122, 13547, 28972]
    1 
    2 
    3 
    4 [42276, 42846, 72525, 21846, 22416, 29831, 13016, 14056, 12066]
    5 
    6 [54755, 48067]
    7 
    8 [48714, 59658]
    9 
   10 [11452, 12877, 15252]
   11 
   12 [85060, 72963, 89110, 84512]
   13 
   14 [83029]
   15 
   16 [54960, 47360]
   17 
   18 [37994, 10244, 26803, 11869, 34403, 33044, 13978]
   19 
   20 
   21 
   22 [86557]
   23 
   24 
   25 
   26 [93328, 50857, 54932]
   27 
   28 [58678]
   29 
   30 
   31 
   32 [78904, 82102, 81627]
   33 
   34 [84613]
   35 
   36 [95679]
   37 
   38 [39308, 89251, 92291, 14608, 45939]
   39 
   40 [15705, 41805, 35592, 36105, 18992, 33730]
   41 
   42 [51596, 77933, 47036, 71689, 60976]
   43 
   44 
   45 
   46 
   47 
   48 [44949, 27248, 28749, 11623, 28723]
   49 
   50 [37400, 11275]
   51 
   52 [88880, 92205, 82592]
   53 
   54 [30866, 11296, 11961, 18326, 20226, 14161, 21366]
   55 
   56 
   57 
   58 [95997]
   59 
   60 
   61 
   62 [93231, 93706]
   63 
   64 [78895]
   65 
   66 [52712, 60962]
   67 
   68 [99670, 96920]
   69 
   70 [28640, 35957]
   71 
   72 [88607, 84807]
   73 
   74 [70890, 68990]
   75 
   76 
   77 
   78 [49078, 49819, 34604, 45193, 57894]
   79 
   80 [32087, 41212, 39212, 12137]
   81 
   82 
   83 
   84 [85838, 83938, 81259, 89434]
   85 
   86 
   87 
   88 [37989, 52563, 91751, 90646]
   89 
   90 
   91 
   92 [53261, 65136, 64631, 59246, 52026]
   93 
   94 [89974, 90998, 84198, 91948]
   95 
   96 [95408]
   97 
   98 
   99 
  100 
  101 
  102 
  103 
  104 [39771, 25491, 35686, 35876, 14596, 35181, 18871, 24446, 21341]
  105 
  106 
  107 
  108 [67716, 67276, 79021, 75126, 38634, 35138, 14734]
  109 
  110 
  111 
  112 [73013]
  113 
  114 
  115 
  116 [47762, 46912]
  117 
  118 [93927, 58379, 56118, 99095, 97020]
  119 
  120 
  121 
  122 [88807, 87515, 85040]
  123 
  124 [67057]
  125 
  126 [47640]
  127 
  128 
  129 
  130 [45287, 38462, 21062, 12512, 44812]
  131 
  132 [86495, 89252]
  133 
  134 
  135 
  136 
  137 
  138 [99710]
  139 
  140 
  141 
  142 [64686, 64796, 47871, 65161, 55676, 63166, 51306]
  143 
  144 [68817, 77880]
  145 
  146 [54747]
  147 
  148 
  149 
  150 [25497, 15597, 31747, 13450, 35947]
  151 
  152 [81005]
  153 
  154 [39316, 84564, 25946, 22241, 39341, 12456, 85939, 23761]
  155 
  156 
  157 
  158 [73576, 63514, 72721, 96922, 47139, 69396]
  159 
  160 
  161 
  162 
  163 
  164 
  165 
  166 
  167 
  168 [31778, 55454, 25394, 34928, 14769]
  169 
  170 [30707, 21065, 40207, 14757]
  171 
  172 
  173 
  174 [83669, 86644, 65782]
  175 
  176 [99844, 95569, 96119]
  177 
  178 [95532, 62903]
  179 
  180 [30537, 19335, 40835, 44662, 36910]
  181 
  182 [70279, 68779]
  183 
  184 [70810, 66212, 86738, 84059, 80288]
  185 
  186 
  187 
  188 [99935, 98935, 42483, 95762, 26883]
  189 
  190 [26030, 25267, 17192]
  191 
  192 [56906, 50441, 50066, 57946, 51581]
  193 
  194 [73392]
  195 
  196 [57247, 95383, 99658, 94414]
  197 
  198 [61273, 58499]
  199 
  200 [19622, 16297, 33397, 37147, 28172, 17950]
  201 
  202 [69724, 80098, 82080]
  203 
  204 
  205 
  206 [64042, 96049]
  207 
  208 [13313, 15488, 24038]
  209 
  210 
  211 
  212 [88810, 68488]
  213 
  214 
  215 
  216 [53460, 96634]
  217 
  218 [31069, 51629]
  219 
  220 
  221 
  222 [88182, 67944, 88857, 81190]
  223 
  224 [74282, 72490, 91928]
  225 
  226 
  227 
  228 [44004, 36743]
  229 
  230 [30937, 45212, 33812, 40310]
  231 
  232 [71454]
  233 
  234 [80112]
  235 
  236 [46852, 63895, 47252]
  237 
  238 [88171, 32314, 80951, 87861, 16608, 88526, 45633]
  239 
  240 
  241 
  242 [87000, 88272]
  243 
  244 
  245 
  246 
  247 
  248 [94230]
  249 
  250 
  251 
  252 
  253 
  254 [73347, 71922, 66072, 78572, 76997]
  255 
  256 
  257 
  258 [71096, 76721, 76226]
  259 
  260 [30295, 14145, 20377, 12395, 35045, 10077]
  261 
  262 [78684, 75384, 79659]
  263 
  264 [76077]
  265 
  266 [93659]
  267 
  268 [42628, 59029, 17453, 54493]
  269 
  270 [34315, 31332]
  271 
  272 
  273 
  274 [90403]
  275 
  276 
  277 
  278 [53228, 57503, 63469]
  279 
  280 
  281 
  282 
  283 
  284 
  285 
  286 [98693]
  287 
  288 [89331, 92306, 83756]
  289 
  290 
  291 
  292 [57611, 51161, 46971, 48311, 46496, 51636, 48786]
  293 
  294 
  295 
  296 
  297 
  298 [47774, 62898, 34948, 33449]
  299 
  300 
  301 
  302 [71498]
  303 
  304 [43301, 38646, 46151, 36496, 24621, 17556, 37541, 28006, 43016]
  305 
  306 
  307 
  308 [94497, 51514, 32738, 53933, 66901]
  309 
  310 
  311 
  312 [88612, 89510]
  313 
  314 [91743, 74277]
  315 
  316 
  317 
  318 
  319 
  320 [20682, 45207]
  321 
  322 
  323 
  324 
  325 
  326 
  327 
  328 [97640, 96082]
  329 
  330 
  331 
  332 
  333 
  334 [67410]
  335 
  336 [53170, 60295, 51327]
  337 
  338 [89591, 56159]
  339 
  340 [24205, 19417, 29942]
  341 
  342 [88472]
  343 
  344 [83424, 90549]
  345 
  346 [92783, 93433, 62325]
  347 
  348 [56674, 46398, 55024]
  349 
  350 
  351 
  352 [68049, 77849, 82142]
  353 
  354 [40991, 39186, 45646, 33106, 46026, 27786, 45931]
  355 
  356 
  357 
  358 [53489, 11159, 93150, 44109, 37284, 38713]
  359 
  360 [16695, 28627, 15327, 44995]
  361 
  362 [95446, 92746]
  363 
  364 [80754, 90729, 66295, 89779]
  365 
  366 [99388, 95113]
  367 
  368 
  369 
  370 [22215, 26015, 32882]
  371 
  372 [72844]
  373 
  374 [65832]
  375 
  376 [47932, 53632, 55615, 49357, 58040, 50732]
  377 
  378 [25743, 93140]
  379 
  380 [26160, 32962, 18712, 14060]
  381 
  382 [88402]
  383 
  384 
  385 
  386 [62127, 95754, 48602, 99554]
  387 
  388 [80461, 65188, 83031, 86546, 81891, 88631]
  389 
  390 [25930]
  391 
  392 [62291, 53321, 65426, 55926, 54081, 59726, 54176]
  393 
  394 [84473, 82724]
  395 
  396 [57772, 96733]
  397 
  398 [34849, 35248, 14899]
  399 
  400 
  401 
  402 [80355, 67348, 77923]
  403 
  404 
  405 
  406 [46667, 52092, 94674]
  407 
  408 [64264, 12609, 31734, 58583, 59689]
  409 
  410 
  411 
  412 [76909, 91137]
  413 
  414 [73427, 69095]
  415 
  416 [96959, 96363]
  417 
  418 
  419 
  420 [16915, 39132, 36865, 28815]
  421 
  422 [73703, 70378]
  423 
  424 [75590]
  425 
  426 [62490]
  427 
  428 [14879, 40643]
  429 
  430 
  431 
  432 
  433 
  434 
  435 
  436 
  437 
  438 
  439 
  440 
  441 
  442 
  443 
  444 
  445 
  446 [56497]
  447 
  448 [97642]
  449 
  450 [19997, 13725, 28697, 26075]
  451 
  452 [85905, 69374]
  453 
  454 [43831, 21411, 75825, 69750, 27586, 70947, 43261, 32546, 34446, 22361, 13071]
  455 
  456 
  457 
  458 [15838, 42609, 48014, 48508, 51258]
  459 
  460 [34177, 27095, 31427, 13852, 16170]
  461 
  462 [95801, 96761]
  463 
  464 [85629, 85743, 86579]
  465 
  466 
  467 
  468 [12244]
  469 
  470 
  471 
  472 
  473 
  474 
  475 
  476 [95028, 98028]
  477 
  478 
  479 
  480 
  481 
  482 [78479]
  483 
  484 
  485 
  486 [99979]
  487 
  488 [92391, 62309, 61663, 81751, 14314, 92381, 15114, 86586]
  489 
  490 
  491 
  492 [65589, 71783]
  493 
  494 
  495 
  496 [64425]
  497 
  498 [50298, 13624, 52698, 20274, 26349]
  499 
  500 
  501 
  502 [90892, 92417]
  503 
  504 [21446, 26526, 79297, 24626, 14081, 14556, 71750, 18831, 25101, 75972, 12561, 45101, 22441]
  505 
  506 [54292, 63317, 64305, 51917]
  507 
  508 
  509 
  510 [33845, 17870]
  511 
  512 
  513 
  514 
  515 
  516 
  517 
  518 
  519 
  520 
  521 
  522 
  523 
  524 [72465, 78165, 71457]
  525 
  526 
  527 
  528 [48053]
  529 
  530 [14610, 13412, 16510, 26560, 40012]
  531 
  532 [84045]
  533 
  534 
  535 
  536 [95618]
  537 
  538 [59334, 51509, 47538]
  539 
  540 
  541 
  542 [88925]
  543 
  544 
  545 
  546 
  547 
  548 [63274, 65049, 27974, 55123]
  549 
  550 [29700, 33947, 17597]
  551 
  552 
  553 
  554 [68822, 74047, 84239]
  555 
  556 [92699]
  557 
  558 [77396, 63739, 65671, 74736, 59939, 58514, 46639, 80056, 66471, 95722]
  559 
  560 [18195, 41052, 38327, 37377, 36902, 42127, 12620, 24902]
  561 
  562 [68513, 99936]
  563 
  564 [77045]
  565 
  566 [50535, 53012, 61410]
  567 
  568 [19778, 38169, 42578, 25953]
  569 
  570 
  571 
  572 [81265]
  573 
  574 
  575 
  576 [96153, 53140, 57757, 98319]
  577 
  578 [57169, 48069, 62794, 63819]
  579 
  580 [13485, 36285]
  581 
  582 [85595, 78454, 87970]
  583 
  584 [89963, 89659, 87988]
  585 
  586 [46820, 59520]
  587 
  588 [14339, 42383, 89461]
  589 
  590 
  591 
  592 [74283, 86025, 88400]
  593 
  594 
  595 
  596 [61050, 94164, 59397]
  597 
  598 [61148, 44274, 96905, 29948]
  599 
  600 
  601 
  602 [90405]
  603 
  604 [86308, 82983, 82314]
  605 
  606 
  607 
  608 [24488, 18734, 42484]
  609 
  610 [45852, 14027, 37745]
  611 
  612 [73038, 66559]
  613 
  614 
  615 
  616 [60437, 65187]
  617 
  618 [45519, 15119, 38078]
  619 
  620 [40915, 33790]
  621 
  622 [87665, 80615]
  623 
  624 
  625 
  626 
  627 
  628 
  629 
  630 
  631 
  632 
  633 
  634 [78460]
  635 
  636 [49577, 92693, 53077, 59195]
  637 
  638 
  639 
  640 [25980, 18380, 17392, 41942, 17755, 41505]
  641 
  642 [84347, 63721, 80300]
  643 
  644 [71042, 78642]
  645 
  646 
  647 
  648 [45649, 30924, 25598, 61499, 21348]
  649 
  650 [19875, 17875, 41150, 16797]
  651 
  652 
  653 
  654 [86983]
  655 
  656 
  657 
  658 [71966, 72811, 52658, 40288, 48858, 75946]
  659 
  660 
  661 
  662 
  663 
  664 [88093]
  665 
  666 
  667 
  668 
  669 
  670 
  671 
  672 [67744, 77719, 77603, 75019]
  673 
  674 
  675 
  676 [93253]
  677 
  678 [12129, 24443, 40629, 64494, 28754]
  679 
  680 
  681 
  682 [71479]
  683 
  684 [80834, 83209]
  685 
  686 [63670, 58877, 53220]
  687 
  688 [22264, 36989, 33308, 44114, 97062, 28064]
  689 
  690 
  691 
  692 [62356, 61711, 65131, 54471]
  693 
  694 [84124, 70367, 78305, 67042]
  695 
  696 [54197, 64172, 58947]
  697 
  698 
  699 
  700 [37497, 16825, 36847, 34700, 32097]
  701 
  702 [86155, 91817, 89155]
  703 
  704 
  705 
  706 
  707 
  708 
  709 
  710 
  711 
  712 [98146, 98906, 97386]
  713 
  714 [68227]
  715 
  716 
  717 
  718 [47704, 56254]
  719 
  720 [22057, 27757]
  721 
  722 
  723 
  724 [92544]
  725 
  726 [60982, 95219, 63015, 56707]
  727 
  728 [50803, 55119, 63669]
  729 
  730 
  731 
  732 [74718, 84802]
  733 
  734 [79737, 73885, 74787, 91713, 85538]
  735 
  736 
  737 
  738 [56138, 51513, 61488, 65288, 32439, 44983, 27408]
  739 
  740 [42630, 25055, 37642]
  741 
  742 
  743 
  744 [90623, 81199, 78292, 82624]
  745 
  746 [97164]
  747 
  748 [59274, 59473, 54324, 61649, 96992]
  749 
  750 [37575, 18575, 24875, 29872]
  751 
  752 
  753 
  754 [71247, 43766, 71722, 72900, 24821, 45476, 82083, 34321]
  755 
  756 
  757 
  758 [72861, 72101, 16738, 67356, 32184]
  759 
  760 [44495, 10070]
  761 
  762 
  763 
  764 
  765 
  766 [97834, 99259, 57187, 54587, 95459]
  767 
  768 [56504, 47518, 63629]
  769 
  770 [11357]
  771 
  772 [83790, 88765, 82232, 75519]
  773 
  774 [84378]
  775 
  776 [55332]
  777 
  778 [35704, 20818, 15593, 10168, 11204]
  779 
  780 
  781 
  782 [87127, 71718, 71843, 91945, 81020]
  783 
  784 
  785 
  786 [46677, 93743, 97429]
  787 
  788 [22489, 43514]
  789 
  790 
  791 
  792 [52866, 79914, 84800]
  793 
  794 [74105, 70805, 69317]
  795 
  796 
  797 
  798 [25023, 16549, 41474, 33399]
  799 
  800 [20772, 36700, 35522, 39297, 35497, 22925]
  801 
  802 [72499]
  803 
  804 
  805 
  806 [57892]
  807 
  808 [23213, 69926, 69056, 78366, 65731, 42163]
  809 
  810 [19027, 31852]
  811 
  812 
  813 
  814 
  815 
  816 
  817 
  818 
  819 
  820 
  821 
  822 
  823 
  824 
  825 
  826 [56782, 53590]
  827 
  828 
  829 
  830 [46160, 39035, 23985]
  831 
  832 [79729, 88945]
  833 
  834 
  835 
  836 
  837 
  838 [56388, 82006, 62663, 82531, 55063, 37758, 14033, 82576, 82766, 48888]
  839 
  840 [24055, 23442, 41592, 16892]
  841 
  842 [54831, 57301, 47291]
  843 
  844 [91999]
  845 
  846 
  847 
  848 [63999, 39224, 51024]
  849 
  850 
  851 
  852 
  853 
  854 [23896, 29976, 41661, 39466]
  855 
  856 
  857 
  858 [74256, 78911]
  859 
  860 
  861 
  862 [77263, 65559, 66509, 97166]
  863 
  864 
  865 
  866 [98188, 96288]
  867 
  868 [61929, 39453, 30103, 42569]
  869 
  870 
  871 
  872 [65969]
  873 
  874 
  875 
  876 [52132, 49890]
  877 
  878 [15804, 29204, 42618, 62078, 97932]
  879 
  880 
  881 
  882 [80670, 90327]
  883 
  884 [70462, 88038, 67460, 78685, 83434]
  885 
  886 [62745]
  887 
  888 
  889 
  890 [21955, 35217, 21780]
  891 
  892 [82222, 91000]
  893 
  894 
  895 
  896 
  897 
  898 
  899 
  900 
  901 
  902 
  903 
  904 [68950]
  905 
  906 [55792]
  907 
  908 [73541, 80001, 72946, 67911, 48908, 67246]
  909 
  910 [27245, 44477, 32470, 19720]
  911 
  912 [99226, 95331, 90885]
  913 
  914 
  915 
  916 [56137, 60260]
  917 
  918 [93227]
  919 
  920 
  921 
  922 [83757, 81857, 90432]
  923 
  924 [66807, 85253, 84319, 65857, 69790]
  925 
  926 
  927 
  928 [55028, 28468, 37968, 35179, 14868]
  929 
  930 [37310, 10662]
  931 
  932 
  933 
  934 
  935 
  936 [99368]
  937 
  938 [64888, 51588]
  939 
  940 [18005]
  941 
  942 
  943 
  944 [74442]
  945 
  946 [58325]
  947 
  948 [25249, 26124, 17574, 39898]
  949 
