    0 [19997, 29872]
    1 
    2 [82142]
    3 
    4 [42276, 35876, 45476, 14596, 34321]
    5 
    6 [54755]
    7 
    8 [73541, 23213, 74256, 69056, 80056, 53933]
    9 
   10 [28627, 44995]
   11 
   12 
   13 
   14 [69095]
   15 
   16 [60437, 54685]
   17 
   18 [37994, 56118, 56254]
   19 
   20 
   21 
   22 [73703]
   23 
   24 [83669, 92544]
   25 
   26 [60982, 95219, 63015]
   27 
   28 [12129, 44004, 95532, 14868]
   29 
   30 [37310, 21062, 40310]
   31 
   32 
   33 
   34 [88038, 67410, 82038]
   35 
   36 [47252, 62745]
   37 
   38 [89331, 82531, 92291, 32439, 81891, 92306]
   39 
   40 [18005, 18992]
   41 
   42 [47871, 55926, 54471, 59726, 59246]
   43 
   44 [74105, 91948]
   45 
   46 [54747, 94414]
   47 
   48 [16549]
   49 
   50 [37147, 35522]
   51 
   52 [69724, 77849]
   53 
   54 [43831, 43766, 40991, 74047, 82314, 18831, 68950, 85939, 29831, 21366, 28006]
   55 
   56 
   57 
   58 [46639, 48014, 42163]
   59 
   60 
   61 
   62 [88810]
   63 
   64 [85629]
   65 
   66 
   67 
   68 [38169, 25953, 33044]
   69 
   70 
   71 
   72 [88765, 82232]
   73 
   74 [74282]
   75 
   76 [55332]
   77 
   78 [50803, 49819, 63819]
   79 
   80 [36285, 26160, 18712, 46160]
   81 
   82 [86495, 87127]
   83 
   84 [79737, 91713]
   85 
   86 [48602]
   87 
   88 [37989, 36989, 64888, 82576, 48888]
   89 
   90 [25267, 33730, 37642]
   91 
   92 
   93 
   94 
   95 
   96 [95408]
   97 
   98 [41474, 39898]
   99 
  100 [16825, 16297, 36700, 28172, 39297, 29700, 34700]
  101 
  102 [86155, 89155]
  103 
  104 [66072]
  105 
  106 [92699]
  107 
  108 [48908]
  109 
  110 [16695, 10070]
  111 
  112 
  113 
  114 
  115 
  116 [99388, 56137, 53012, 47860]
  117 
  118 
  119 
  120 
  121 
  122 [83790, 77603, 75019]
  123 
  124 [67057]
  125 
  126 [98319]
  127 
  128 
  129 
  130 
  131 
  132 [81020]
  133 
  134 
  135 
  136 [53077]
  137 
  138 [55063]
  139 
  140 [15705, 19417]
  141 
  142 [57611, 84347, 48786, 71783, 49611]
  143 
  144 [70805, 69317]
  145 
  146 
  147 
  148 [45649, 96905, 59473, 61649, 21348]
  149 
  150 
  151 
  152 
  153 
  154 [21411, 71722, 39186, 27586, 73347, 27786]
  155 
  156 [54292]
  157 
  158 
  159 
  160 [35045, 10077]
  161 
  162 [98146, 99226, 89110, 92746]
  163 
  164 
  165 
  166 
  167 
  168 
  169 
  170 [20682, 34315, 27690]
  171 
  172 
  173 
  174 [69790]
  175 
  176 [93253]
  177 
  178 [62903]
  179 
  180 [12137, 40012, 23985]
  181 
  182 [71454, 78454]
  183 
  184 
  185 
  186 [95754, 95618]
  187 
  188 [14033]
  189 
  190 [25055, 24055, 41942, 29942]
  191 
  192 [88925, 84800]
  193 
  194 
  195 
  196 [93433, 64172]
  197 
  198 [62898, 17574]
  199 
  200 [37400, 15597, 17597]
  201 
  202 [72499, 71498]
  203 
  204 
  205 
  206 
  207 
  208 [73576, 72101, 79021, 71096, 44109, 66901]
  209 
  210 [12395]
  211 
  212 [88612]
  213 
  214 
  215 
  216 [52712, 96288]
  217 
  218 [26803]
  219 
  220 [31332]
  221 
  222 
  223 
  224 
  225 
  226 [55615]
  227 
  228 [57169, 29204, 11204]
  229 
  230 [45287, 19335, 44662, 10662]
  231 
  232 
  233 
  234 [70810]
  235 
  236 [53220, 52652]
  237 
  238 [44983, 47538]
  239 
  240 [35592, 41592]
  241 
  242 [54831, 63166, 64631]
  243 
  244 [82724]
  245 
  246 [95383]
  247 
  248 [27248, 28749, 13624, 35248]
  249 
  250 [19875, 17875, 24875, 26122, 31747]
  251 
  252 [68049, 90892]
  253 
  254 [21446, 26526, 38646, 46151, 42846, 18326, 45646, 21846, 18871, 34446, 24446, 13071, 75975]
  255 
  256 
  257 
  258 [96922, 65731, 70131]
  259 
  260 [20377, 15252, 37377, 12620, 37745]
  261 
  262 [73038]
  263 
  264 [74277]
  265 
  266 [96363, 99259, 96634]
  267 
  268 [10244, 42628, 12244]
  269 
  270 [26015]
  271 
  272 [83757]
  273 
  274 [72490]
  275 
  276 [96153, 99844, 95028, 53140, 50857, 98028, 50732]
  277 
  278 [25743, 14879, 36743, 54619]
  279 
  280 [26560]
  281 
  282 
  283 
  284 [66212, 83209]
  285 
  286 [93143]
  287 
  288 [92381, 28064, 44933]
  289 
  290 [17755]
  291 
  292 [64796, 51596, 53321, 63721, 55676]
  293 
  294 
  295 
  296 
  297 
  298 [63999]
  299 
  300 [20772]
  301 
  302 
  303 
  304 [39341, 12456, 22416, 35181, 13016, 14056, 37541, 21341, 43016]
  305 
  306 
  307 
  308 
  309 
  310 [27095, 36902, 32470, 24902]
  311 
  312 [99936, 66509, 68488, 75384]
  313 
  314 [85743, 91743, 73427]
  315 
  316 [53460, 98188]
  317 
  318 [99670, 38078]
  319 
  320 [27757, 14757]
  321 
  322 [88607]
  323 
  324 [72465]
  325 
  326 [56707]
  327 
  328 [48053, 48069]
  329 
  330 [32962, 39035]
  331 
  332 [89252, 79729]
  333 
  334 [89963, 89659]
  335 
  336 [59520]
  337 
  338 [91751, 44114, 81751, 80951, 90646, 15114, 88526, 95762, 26883]
  339 
  340 [25980, 36105, 16892]
  341 
  342 
  343 
  344 [82624]
  345 
  346 [99658]
  347 
  348 [34849, 54324]
  349 
  350 [37575, 18575, 17950]
  351 
  352 [82592, 90405]
  353 
  354 [82983, 86983, 70947]
  355 
  356 [64305]
  357 
  358 [48714, 78911, 52658, 67911, 93150, 59658]
  359 
  360 
  361 
  362 [78563]
  363 
  364 
  365 
  366 [47762]
  367 
  368 [59029]
  369 
  370 
  371 
  372 [87665]
  373 
  374 [66807]
  375 
  376 
  377 
  378 [57894, 96082, 40643]
  379 
  380 
  381 
  382 [74718, 70279, 71718]
  383 
  384 
  385 
  386 [63670, 60295, 51327]
  387 
  388 [65188, 39833]
  389 
  390 
  391 
  392 [88472, 53261, 65589, 65136, 88400, 84400]
  393 
  394 [81199, 74442]
  395 
  396 [64425]
  397 
  398 [63274, 59274, 25598, 33399]
  399 
  400 [22925, 25197]
  401 
  402 [77923]
  403 
  404 [11961, 72900, 14161, 75972, 23761, 12561, 22361]
  405 
  406 [46667, 64042]
  407 
  408 [95997, 32184]
  409 
  410 [16170]
  411 
  412 [68513, 95801, 91137]
  413 
  414 [89779, 78895]
  415 
  416 
  417 
  418 [47518, 25394, 13978]
  419 
  420 [22057, 21065]
  421 
  422 
  423 
  424 [78165, 65832]
  425 
  426 [56782, 53590]
  427 
  428 [55028, 15593, 28468, 93140]
  429 
  430 
  431 
  432 [84045]
  433 
  434 [74787]
  435 
  436 [46820]
  437 
  438 [99935, 98935, 97062, 86586]
  439 
  440 [41805, 17192]
  441 
  442 
  443 
  444 [84473, 75905]
  445 
  446 
  447 
  448 [44949, 96992]
  449 
  450 [11275]
  451 
  452 [92417]
  453 
  454 [71247, 71750, 69750, 82083]
  455 
  456 
  457 
  458 [72946, 76226, 35138, 75946]
  459 
  460 [14145, 31852, 45852, 13852]
  461 
  462 [93231, 97166]
  463 
  464 
  465 
  466 [50535, 97834, 95459]
  467 
  468 [61929, 42569, 52068]
  469 
  470 [45207, 40207, 33790]
  471 
  472 [67744]
  473 
  474 [70890]
  475 
  476 [52132]
  477 
  478 [62794]
  479 
  480 
  481 
  482 
  483 
  484 [87988, 85884]
  485 
  486 [95679]
  487 
  488 [22264, 65288, 14608, 16608]
  489 
  490 [31155]
  491 
  492 [62356, 50441, 54081, 71689, 63556]
  493 
  494 [70367]
  495 
  496 [59397]
  497 
  498 [97642]
  499 
  500 [37497, 25497, 42500, 35497]
  501 
  502 [80355, 79198]
  503 
  504 [43301, 23896, 11296, 36496, 24821, 24621, 29976, 25101, 45101, 32896]
  505 
  506 
  507 
  508 [67716, 67356, 37284, 38713, 59689]
  509 
  510 [44495, 17870, 42127]
  511 
  512 
  513 
  514 
  515 
  516 [95113]
  517 
  518 [93927, 58379, 15119]
  519 
  520 [11357, 28640]
  521 
  522 [80615]
  523 
  524 
  525 
  526 [49890]
  527 
  528 [40629]
  529 
  530 [31810]
  531 
  532 
  533 
  534 [70462, 80834, 85538]
  535 
  536 [58877]
  537 
  538 [92391, 83031, 82006, 89591, 14314, 32314, 88631, 56159, 82766, 45939]
  539 
  540 [18380, 41505]
  541 
  542 [65426, 46971, 52026, 57946]
  543 
  544 [73392, 83424, 90549]
  545 
  546 [57247]
  547 
  548 [30924, 29948, 34948]
  549 
  550 
  551 
  552 [88880, 81005]
  553 
  554 [25491, 30866, 33106, 71922, 12066, 45931, 39466]
  555 
  556 [52092]
  557 
  558 [63514, 51514, 58514, 47139, 48858, 24038, 39959]
  559 
  560 [33845, 19720]
  561 
  562 [97386]
  563 
  564 
  565 
  566 
  567 
  568 [39453, 47704, 96920, 17453]
  569 
  570 [32882]
  571 
  572 [81857, 72844, 81265, 65969, 88857]
  573 
  574 [75590, 84378, 65782]
  575 
  576 [58040]
  577 
  578 [24443, 20818, 58678, 35179, 27554]
  579 
  580 [41212, 45212, 39212]
  581 
  582 [78479, 81627, 71479]
  583 
  584 [73885, 80112]
  585 
  586 [63895]
  587 
  588 [56388, 22489, 51513, 45633]
  589 
  590 
  591 
  592 [91000, 87000]
  593 
  594 [71042, 90623, 67042, 90998, 91999, 69955]
  595 
  596 [92964]
  597 
  598 [25023, 50298, 27974]
  599 
  600 [16797]
  601 
  602 [80098]
  603 
  604 [78572]
  605 
  606 [48067, 60067]
  607 
  608 [72861, 24488, 74736, 15488]
  609 
  610 [18195, 31427]
  611 
  612 [78684, 89537]
  613 
  614 [66295, 86579]
  615 
  616 [47360]
  617 
  618 [31778, 93227, 19778, 34403]
  619 
  620 
  621 
  622 [75519]
  623 
  624 [91928]
  625 
  626 
  627 
  628 [53228, 34604]
  629 
  630 [16510]
  631 
  632 [78904]
  633 
  634 
  635 
  636 [49577]
  637 
  638 [52563, 99710]
  639 
  640 [24205]
  641 
  642 [64686, 82222, 61711, 48311, 74283, 63486]
  643 
  644 [78305, 68817]
  645 
  646 [61050, 58947]
  647 
  648 [51024, 55024]
  649 
  650 [33947, 35947]
  651 
  652 [91817]
  653 
  654 [35686, 25111]
  655 
  656 [55792, 51917]
  657 
  658 [58583]
  659 
  660 [11452, 42420]
  661 
  662 [77263, 95446]
  663 
  664 [88093, 83029]
  665 
  666 [93659]
  667 
  668 [14769]
  669 
  670 [28815, 24807]
  671 
  672 [90432, 67944, 86557]
  673 
  674 
  675 
  676 
  677 
  678 
  679 
  680 [13485, 12512]
  681 
  682 [80670, 90327]
  683 
  684 [67460, 78460]
  685 
  686 [93743, 59195]
  687 
  688 [80461, 61488, 51509, 87861, 27408, 89461]
  689 
  690 [23442, 25930]
  691 
  692 [80300]
  693 
  694 
  695 
  696 [62325, 58325]
  697 
  698 [46398]
  699 
  700 [32097, 28972]
  701 
  702 [69374, 83955]
  703 
  704 [76997, 76000]
  705 
  706 [94674]
  707 
  708 [12609, 42609, 77396, 72721, 53489, 80001, 67276, 76721, 42484, 48508, 69396]
  709 
  710 
  711 
  712 [76909, 90885]
  713 
  714 
  715 
  716 
  717 
  718 [99095]
  719 
  720 [35957]
  721 
  722 [70378]
  723 
  724 [65857]
  725 
  726 [62490, 64882]
  727 
  728 [35704, 63669, 10168]
  729 
  730 [40835]
  731 
  732 [91945, 88945]
  733 
  734 [86738, 81259]
  735 
  736 [92693, 97429, 98693]
  737 
  738 [59334, 62663, 61663, 42483, 43514]
  739 
  740 [35217, 21780]
  741 
  742 [62291, 56906, 52866, 65131, 51306, 50066, 47291]
  743 
  744 [77880]
  745 
  746 
  747 
  748 [25249, 65049, 26124, 44873]
  749 
  750 [19622, 26750]
  751 
  752 
  753 
  754 [24626, 25946, 39771, 84239, 20226, 46026, 32546]
  755 
  756 
  757 
  758 [71966, 15838, 11159, 59939, 78366]
  759 
  760 [27245, 12877]
  761 
  762 
  763 
  764 
  765 
  766 [65187, 57187]
  767 
  768 [56504, 11869, 51629, 63629, 54493]
  769 
  770 
  771 
  772 
  773 
  774 [68990]
  775 
  776 [47640, 49357]
  777 
  778 [55119, 64494, 57503, 42618, 28754]
  779 
  780 [30937, 33812, 14060, 44812]
  781 
  782 [85595, 88402, 87970]
  783 
  784 [80288]
  785 
  786 [62127, 99979]
  787 
  788 [39308, 33308, 51588, 83756]
  789 
  790 [42630]
  791 
  792 [57301, 46496, 60976, 54176, 88272, 48221]
  793 
  794 [78642, 84198]
  795 
  796 [94164, 56497, 97164]
  797 
  798 [58499, 61499, 55123]
  799 
  800 [13725, 33397]
  801 
  802 
  803 
  804 [79297, 39316, 84564, 14081, 75825, 14556, 86308, 22241, 17556, 22441]
  805 
  806 
  807 
  808 [64264, 40288]
  809 
  810 [19027, 14027]
  811 
  812 [85060, 96761]
  813 
  814 [80754]
  815 
  816 [54960, 46912]
  817 
  818 [55454, 42578]
  819 
  820 [39132, 36865]
  821 
  822 [77719, 87515]
  823 
  824 [85253]
  825 
  826 
  827 
  828 [15804, 45193, 97932]
  829 
  830 [32087, 38462, 36910]
  831 
  832 
  833 
  834 [85838]
  835 
  836 [46852]
  837 
  838 [86546, 89251, 56138, 88171, 37758, 42383]
  839 
  840 [17392]
  841 
  842 [79914]
  843 
  844 [84124, 78292]
  845 
  846 [92783]
  847 
  848 [39224, 26349]
  849 
  850 [10922, 26075, 13450, 13547]
  851 
  852 [85905, 67348]
  853 
  854 [68822]
  855 
  856 [63317]
  857 
  858 [72811, 16738, 32738, 38634, 95722]
  859 
  860 [34177, 41052]
  861 
  862 [65559, 66559]
  863 
  864 [76077, 77045]
  865 
  866 
  867 
  868 [97020, 56404]
  869 
  870 [22215]
  871 
  872 [85040]
  873 
  874 [84319]
  875 
  876 [47932, 95569, 54932]
  877 
  878 [39518]
  879 
  880 
  881 
  882 [82102, 71843, 68779, 72843]
  883 
  884 
  885 
  886 [53170]
  887 
  888 [62309]
  889 
  890 [21955]
  891 
  892 [51161, 65161, 51636, 47036, 86025]
  893 
  894 
  895 
  896 [54197, 96733]
  897 
  898 [47774, 44274, 28723, 14899, 20274, 39274]
  899 
  900 [28697]
  901 
  902 
  903 
  904 [72525, 41661, 43261]
  905 
  906 
  907 
  908 [94497, 13313]
  909 
  910 [30295, 38327, 15327]
  911 
  912 [73013, 84512]
  913 
  914 [68227, 66395]
  915 
  916 [60260]
  917 
  918 [45519, 30103]
  919 
  920 
  921 
  922 [88182, 88807, 81190, 84807]
  923 
  924 [86644, 71457]
  925 
  926 [96119]
  927 
  928 [37968, 97640, 63469]
  929 
  930 [14610]
  931 
  932 
  933 
  934 [83938, 89434, 83434, 84059, 66662]
  935 
  936 [46677, 99368]
  937 
  938 [14339]
  939 
  940 
  941 
  942 
  943 
  944 
  945 
  946 
  947 
  948 [61148, 61273, 33449]
  949 
  950 [36847, 41150]
  951 
  952 [92205, 82080]
  953 
  954 
  955 
  956 [57892, 96049]
  957 
  958 [63739, 69926, 65671, 75126, 18734, 67246, 66471, 31734, 51258, 14734]
  959 
  960 [44477]
  961 
  962 [89510, 98906, 95331, 72963, 93706, 79659]
  963 
  964 [90729]
  965 
  966 [96959, 60962, 54587, 61410]
  967 
  968 [31069, 34928]
  969 
  970 [16915, 40915, 30707]
  971 
  972 
  973 
  974 [90403]
  975 
  976 [53632, 57757, 93328]
  977 
  978 [49078, 62078, 29418]
  979 
  980 [30537, 13412]
  981 
  982 [84802]
  983 
  984 [84613, 78685]
  985 
  986 [99554]
  987 
  988 
  989 
  990 [26030]
  991 
  992 [77933, 51581]
  993 
  994 [89974]
  995 
  996 [57772]
  997 
  998 [56674, 11623, 94230, 52698, 22999]
  999 
