    0 19997
    1 94230
    2 52698
    3 29872
    4 42276
    5 35876
    6 45476
    7 14596
    8 73541
    9 23213
   10 28627
   11 74256
   12 69056
   13 80056
   14 34321
   15 54755
   16 60437
   17 69095
   18 37994
   19 56118
   20 53933
   21 82142
   22 73703
   23 99554
   24 83669
   25 92544
   26 60982
   27 95219
   28 12129
   29 44004
   30 37310
   31 21062
   32 40310
   33 95532
   34 88038
   35 67410
   36 47252
   37 63015
   38 89331
   39 82531
   40 92291
   41 18005
   42 47871
   43 55926
   44 54471
   45 74105
   46 54747
   47 32439
   48 16549
   49 59726
   50 37147
   51 35522
   52 69724
   53 81891
   54 43831
   55 43766
   56 40991
   57 74047
   58 46639
   59 82314
   60 18831
   61 68950
   62 88810
   63 48014
   64 85629
   65 18992
   66 85939
   67 77849
   68 38169
   69 25953
   70 33044
   71 59246
   72 88765
   73 82232
   74 74282
   75 29831
   76 55332
   77 62745
   78 50803
   79 49819
   80 36285
   81 26160
   82 86495
   83 87127
   84 79737
   85 18712
   86 48602
   87 46160
   88 37989
   89 36989
   90 25267
   91 64888
   92 82576
   93 91713
   94 33730
   95 21366
   96 92306
   97 95408
   98 41474
   99 39898
  100 16825
  101 16297
  102 86155
  103 36700
  104 28172
  105 39297
  106 29700
  107 89155
  108 48908
  109 34700
  110 16695
  111 10070
  112 92699
  113 66072
  114 94414
  115 63819
  116 99388
  117 56137
  118 53012
  119 91948
  120 42163
  121 28006
  122 83790
  123 77603
  124 67057
  125 75019
  126 98319
  127 48888
  128 14868
  129 37642
  130 79659
  131 44995
  132 81020
  133 51581
  134 56254
  135 14734
  136 53077
  137 47860
  138 55063
  139 26750
  140 15705
  141 19417
  142 57611
  143 84347
  144 70805
  145 48786
  146 69317
  147 71783
  148 45649
  149 96905
  150 59473
  151 61649
  152 21348
  153 64882
  154 21411
  155 71722
  156 54292
  157 39186
  158 27586
  159 73347
  160 35045
  161 10077
  162 98146
  163 99226
  164 89110
  165 27786
  166 92746
  167 75905
  168 82038
  169 44873
  170 20682
  171 34315
  172 44933
  173 27690
  174 69790
  175 42420
  176 93253
  177 49611
  178 62903
  179 25197
  180 12137
  181 40012
  182 71454
  183 78454
  184 23985
  185 25111
  186 95754
  187 95618
  188 14033
  189 93143
  190 25055
  191 24055
  192 88925
  193 41942
  194 29942
  195 84800
  196 93433
  197 64172
  198 62898
  199 17574
  200 37400
  201 15597
  202 72499
  203 71498
  204 17597
  205 22999
  206 83955
  207 29418
  208 73576
  209 72101
  210 79021
  211 12395
  212 88612
  213 71096
  214 44109
  215 66901
  216 52712
  217 96288
  218 26803
  219 69955
  220 31332
  221 31810
  222 78563
  223 54685
  224 
  225 
  226 55615
  227 
  228 57169
  229 29204
  230 45287
  231 19335
  232 11204
  233 44662
  234 70810
  235 10662
  236 53220
  237 52652
  238 44983
  239 47538
  240 35592
  241 41592
  242 54831
  243 63166
  244 64631
  245 82724
  246 95383
  247 
  248 27248
  249 28749
  250 19875
  251 17875
  252 68049
  253 24875
  254 21446
  255 26526
  256 38646
  257 46151
  258 42846
  259 18326
  260 20377
  261 45646
  262 73038
  263 96922
  264 13624
  265 26122
  266 96363
  267 99259
  268 10244
  269 42628
  270 12244
  271 31747
  272 83757
  273 15252
  274 72490
  275 21846
  276 96153
  277 99844
  278 95028
  279 25743
  280 14879
  281 53140
  282 36743
  283 26560
  284 66212
  285 50857
  286 37377
  287 35248
  288 92381
  289 18871
  290 17755
  291 34446
  292 64796
  293 51596
  294 53321
  295 63721
  296 55676
  297 65731
  298 63999
  299 83209
  300 20772
  301 96634
  302 24446
  303 74277
  304 39341
  305 12456
  306 22416
  307 35181
  308 13016
  309 14056
  310 27095
  311 36902
  312 99936
  313 66509
  314 85743
  315 91743
  316 53460
  317 98188
  318 99670
  319 73427
  320 27757
  321 14757
  322 88607
  323 32470
  324 72465
  325 37541
  326 21341
  327 98028
  328 48053
  329 48069
  330 32962
  331 39035
  332 89252
  333 79729
  334 89963
  335 89659
  336 59520
  337 12620
  338 91751
  339 44114
  340 25980
  341 36105
  342 81751
  343 80951
  344 82624
  345 90646
  346 15114
  347 99658
  348 34849
  349 54324
  350 37575
  351 18575
  352 17950
  353 82592
  354 82983
  355 86983
  356 64305
  357 70947
  358 48714
  359 78911
  360 52658
  361 67911
  362 93150
  363 90405
  364 59658
  365 88526
  366 47762
  367 26015
  368 59029
  369 50732
  370 13071
  371 68488
  372 87665
  373 95762
  374 66807
  375 28064
  376 38078
  377 26883
  378 57894
  379 96082
  380 40643
  381 24902
  382 74718
  383 70279
  384 71718
  385 37745
  386 63670
  387 60295
  388 65188
  389 51327
  390 75384
  391 16892
  392 88472
  393 53261
  394 81199
  395 65589
  396 65136
  397 64425
  398 63274
  399 59274
  400 25598
  401 74442
  402 88400
  403 33399
  404 11961
  405 72900
  406 46667
  407 64042
  408 95997
  409 14161
  410 75972
  411 16170
  412 68513
  413 95801
  414 91137
  415 89779
  416 23761
  417 12561
  418 47518
  419 25394
  420 22057
  421 21065
  422 32184
  423 78895
  424 78165
  425 65832
  426 56782
  427 53590
  428 55028
  429 15593
  430 28468
  431 93140
  432 84045
  433 22361
  434 74787
  435 13978
  436 46820
  437 22925
  438 99935
  439 98935
  440 41805
  441 97062
  442 86586
  443 17192
  444 84473
  445 77923
  446 90892
  447 43016
  448 44949
  449 96992
  450 11275
  451 56707
  452 92417
  453 54619
  454 71247
  455 71750
  456 69750
  457 82083
  458 72946
  459 76226
  460 14145
  461 31852
  462 45852
  463 93231
  464 13852
  465 35138
  466 50535
  467 97834
  468 61929
  469 42569
  470 45207
  471 40207
  472 67744
  473 75946
  474 70890
  475 95459
  476 52132
  477 33790
  478 62794
  479 97166
  480 70131
  481 52068
  482 39833
  483 84400
  484 87988
  485 85884
  486 95679
  487 75975
  488 22264
  489 65288
  490 14608
  491 16608
  492 62356
  493 50441
  494 70367
  495 54081
  496 71689
  497 59397
  498 97642
  499 63556
  500 37497
  501 25497
  502 42500
  503 80355
  504 43301
  505 23896
  506 11296
  507 36496
  508 67716
  509 67356
  510 44495
  511 24821
  512 24621
  513 29976
  514 17870
  515 25101
  516 42127
  517 37284
  518 93927
  519 58379
  520 11357
  521 28640
  522 15119
  523 45101
  524 38713
  525 95113
  526 49890
  527 80615
  528 40629
  529 35497
  530 59689
  531 79198
  532 32896
  533 31155
  534 70462
  535 80834
  536 58877
  537 85538
  538 92391
  539 83031
  540 18380
  541 82006
  542 65426
  543 46971
  544 89591
  545 73392
  546 57247
  547 41505
  548 30924
  549 29948
  550 83424
  551 14314
  552 88880
  553 81005
  554 25491
  555 30866
  556 33106
  557 32314
  558 63514
  559 51514
  560 33845
  561 58514
  562 97386
  563 52092
  564 88631
  565 56159
  566 71922
  567 47139
  568 39453
  569 47704
  570 96920
  571 17453
  572 81857
  573 72844
  574 81265
  575 75590
  576 65969
  577 88857
  578 24443
  579 20818
  580 41212
  581 45212
  582 78479
  583 39212
  584 81627
  585 71479
  586 73885
  587 58678
  588 56388
  589 22489
  590 51513
  591 80112
  592 91000
  593 63895
  594 71042
  595 90623
  596 67042
  597 90998
  598 25023
  599 50298
  600 87000
  601 91999
  602 80098
  603 52026
  604 34948
  605 78572
  606 48067
  607 90549
  608 72861
  609 24488
  610 18195
  611 74736
  612 78684
  613 31427
  614 66295
  615 15488
  616 86579
  617 12066
  618 31778
  619 93227
  620 19778
  621 34403
  622 45633
  623 45931
  624 91928
  625 48858
  626 35179
  627 82766
  628 53228
  629 34604
  630 16510
  631 45939
  632 78904
  633 84378
  634 19720
  635 75519
  636 49577
  637 58040
  638 52563
  639 99710
  640 24205
  641 57946
  642 64686
  643 82222
  644 78305
  645 61711
  646 61050
  647 48311
  648 68817
  649 74283
  650 51024
  651 33947
  652 91817
  653 55024
  654 35686
  655 35947
  656 55792
  657 51917
  658 58583
  659 27974
  660 11452
  661 16797
  662 77263
  663 95446
  664 88093
  665 83029
  666 93659
  667 47360
  668 14769
  669 58947
  670 28815
  671 65782
  672 90432
  673 67944
  674 86557
  675 32882
  676 39466
  677 24038
  678 27554
  679 92964
  680 13485
  681 12512
  682 80670
  683 90327
  684 67460
  685 78460
  686 93743
  687 59195
  688 80461
  689 61488
  690 23442
  691 51509
  692 80300
  693 87861
  694 27408
  695 25930
  696 89461
  697 62325
  698 46398
  699 58325
  700 32097
  701 28972
  702 69374
  703 89537
  704 76997
  705 76000
  706 94674
  707 39959
  708 12609
  709 42609
  710 77396
  711 72721
  712 53489
  713 80001
  714 67276
  715 76909
  716 76721
  717 42484
  718 99095
  719 48508
  720 35957
  721 69396
  722 70378
  723 90885
  724 65857
  725 24807
  726 62490
  727 63486
  728 35704
  729 63669
  730 10168
  731 40835
  732 91945
  733 88945
  734 86738
  735 81259
  736 92693
  737 97429
  738 59334
  739 62663
  740 61663
  741 35217
  742 62291
  743 56906
  744 52866
  745 65131
  746 51306
  747 50066
  748 25249
  749 65049
  750 19622
  751 98693
  752 47291
  753 26124
  754 24626
  755 25946
  756 39771
  757 84239
  758 71966
  759 15838
  760 27245
  761 11159
  762 12877
  763 59939
  764 20226
  765 78366
  766 65187
  767 57187
  768 56504
  769 11869
  770 51629
  771 63629
  772 46026
  773 32546
  774 68990
  775 54493
  776 47640
  777 49357
  778 55119
  779 64494
  780 30937
  781 33812
  782 85595
  783 88402
  784 57503
  785 42618
  786 62127
  787 99979
  788 39308
  789 33308
  790 42630
  791 21780
  792 57301
  793 46496
  794 78642
  795 60976
  796 94164
  797 56497
  798 97164
  799 58499
  800 13725
  801 33397
  802 54176
  803 84198
  804 79297
  805 39316
  806 84564
  807 14081
  808 64264
  809 75825
  810 19027
  811 14556
  812 85060
  813 86308
  814 80754
  815 22241
  816 54960
  817 46912
  818 55454
  819 96761
  820 39132
  821 36865
  822 42578
  823 40288
  824 85253
  825 17556
  826 77719
  827 14027
  828 15804
  829 45193
  830 32087
  831 38462
  832 61499
  833 36910
  834 85838
  835 88272
  836 46852
  837 42483
  838 86546
  839 89251
  840 17392
  841 56138
  842 79914
  843 88171
  844 84124
  845 78292
  846 92783
  847 37758
  848 39224
  849 42383
  850 10922
  851 26075
  852 85905
  853 67348
  854 68822
  855 13450
  856 63317
  857 13547
  858 72811
  859 16738
  860 34177
  861 41052
  862 65559
  863 32738
  864 76077
  865 77045
  866 38634
  867 66559
  868 97020
  869 95722
  870 22215
  871 87515
  872 43514
  873 22441
  874 84319
  875 51588
  876 47932
  877 95569
  878 14060
  879 77880
  880 85040
  881 44812
  882 82102
  883 71843
  884 68779
  885 97932
  886 53170
  887 87970
  888 62309
  889 26349
  890 21955
  891 54932
  892 51161
  893 65161
  894 51636
  895 47036
  896 54197
  897 86025
  898 47774
  899 44274
  900 28697
  901 28723
  902 14899
  903 96733
  904 72525
  905 41661
  906 43261
  907 20274
  908 94497
  909 13313
  910 30295
  911 38327
  912 73013
  913 84512
  914 68227
  915 15327
  916 60260
  917 28754
  918 45519
  919 30103
  920 83756
  921 55123
  922 88182
  923 88807
  924 86644
  925 81190
  926 71457
  927 84807
  928 37968
  929 97640
  930 14610
  931 96119
  932 63469
  933 80288
  934 83938
  935 89434
  936 46677
  937 99368
  938 14339
  939 83434
  940 84059
  941 56404
  942 48221
  943 72843
  944 39518
  945 60067
  946 66395
  947 66662
  948 61148
  949 61273
  950 36847
  951 41150
  952 92205
  953 82080
  954 33449
  955 39274
  956 57892
  957 96049
  958 63739
  959 69926
  960 65671
  961 75126
  962 89510
  963 98906
  964 90729
  965 95331
  966 96959
  967 44477
  968 31069
  969 18734
  970 16915
  971 40915
  972 30707
  973 67246
  974 90403
  975 72963
  976 53632
  977 57757
  978 49078
  979 93328
  980 30537
  981 13412
  982 84802
  983 93706
  984 84613
  985 78685
  986 66471
  987 60962
  988 34928
  989 54587
  990 26030
  991 61410
  992 77933
  993 31734
  994 89974
  995 62078
  996 57772
  997 51258
  998 56674
  999 11623
